NUISANCE_PARAMETERS
gamma_stat_SR__DNN_RUN2_bin_0  1 +0.0817928 -0.0817928
gamma_stat_SR__DNN_RUN2_bin_1  1 +0.10032 -0.10032
gamma_stat_SR__DNN_RUN2_bin_2  1 +0.11421 -0.11421
gamma_stat_SR__DNN_RUN2_bin_3  1 +0.164957 -0.164957
gamma_stat_SR__DNN_RUN2_bin_4  1 +0.124205 -0.124205
mu_XS_hh  1 +11.95 -8.25989


CORRELATION_MATRIX
6   6
-0.0140705   0.00290509   0.0017157   0.000930348   0.000896936   1   
-0.063746   0.0131608   0.00777234   0.00421493   1   0.000896936   
-0.0661206   0.0136507   0.00806152   1   0.00421493   0.000930348   
-0.121924   0.0251718   1   0.00806152   0.00777234   0.0017157   
-0.206455   1   0.0251718   0.0136507   0.0131608   0.00290509   
1   -0.206455   -0.121924   -0.0661206   -0.063746   -0.0140705   


NLL
24.65484

