NUISANCE_PARAMETERS
gamma_stat_SR__XGB_RUN2_bin_0  1 +0.207737 -0.207737
gamma_stat_SR__XGB_RUN2_bin_1  1 +0.140131 -0.140131
gamma_stat_SR__XGB_RUN2_bin_2  1 +0.17586 -0.17586
gamma_stat_SR__XGB_RUN2_bin_3  1 +0.174361 -0.174361
gamma_stat_SR__XGB_RUN2_bin_4  1 +0.134083 -0.134083
gamma_stat_SR__XGB_RUN2_bin_5  1 +0.123371 -0.123371
gamma_stat_SR__XGB_RUN3_bin_0  1 +0.113323 -0.113323
gamma_stat_SR__XGB_RUN3_bin_1  1 +0.115266 -0.115266
gamma_stat_SR__XGB_RUN3_bin_2  1 +0.175763 -0.175763
gamma_stat_SR__XGB_RUN3_bin_3  1 +0.160821 -0.160821
mu_XS_hh  1 +8.25431 -6.24402


CORRELATION_MATRIX
11   11
-0.00332125   0.000663775   0.000266251   7.93459e-05   5.001e-05   0.000482746   0.00010766   8.42689e-05   3.86261e-05   1.09453e-05   1   
-0.00329553   0.000658635   0.000264189   7.87315e-05   4.96228e-05   0.000479365   0.000107184   8.43356e-05   3.86853e-05   1   1.09453e-05   
-0.0117387   0.00234606   0.000941044   0.000280442   0.000176757   0.00170623   0.00038143   0.000299118   1   3.86853e-05   3.86261e-05   
-0.0254813   0.00509262   0.00204273   0.000608759   0.000383688   0.00370409   0.000828758   1   0.000299118   8.43356e-05   8.42689e-05   
-0.0325241   0.00650016   0.00260732   0.000777013   0.000489734   0.0047274   1   0.000828758   0.00038143   0.000107184   0.00010766   
-0.145351   0.0290493   0.0116522   0.00347248   0.00218863   1   0.0047274   0.00370409   0.00170623   0.000479365   0.000482746   
-0.0150576   0.00300936   0.0012071   0.000359731   1   0.00218863   0.000489734   0.000383688   0.000176757   4.96228e-05   5.001e-05   
-0.0238904   0.00477465   0.00191591   1   0.000359731   0.00347248   0.000777013   0.000608759   0.000280442   7.87315e-05   7.93459e-05   
-0.0801659   0.0160217   1   0.00191591   0.0012071   0.0116522   0.00260732   0.00204273   0.000941044   0.000264189   0.000266251   
-0.199857   1   0.0160217   0.00477465   0.00300936   0.0290493   0.00650016   0.00509262   0.00234606   0.000658635   0.000663775   
1   -0.199857   -0.0801659   -0.0238904   -0.0150576   -0.145351   -0.0325241   -0.0254813   -0.0117387   -0.00329553   -0.00332125   


NLL
126.03532

