NUISANCE_PARAMETERS
gamma_stat_SR__DNN_COMBINED_bin_0  1 +0.040951 -0.040951
gamma_stat_SR__DNN_COMBINED_bin_1  1 +0.0377041 -0.0377041
gamma_stat_SR__DNN_COMBINED_bin_2  1 +0.0513204 -0.0513204
gamma_stat_SR__DNN_COMBINED_bin_3  1 +0.0512358 -0.0512358
gamma_stat_SR__DNN_COMBINED_bin_4  1 +0.0479992 -0.0479992
gamma_stat_SR__DNN_COMBINED_bin_5  1 +0.0831928 -0.0831928
gamma_stat_SR__DNN_COMBINED_bin_6  1 +0.116474 -0.116474
gamma_stat_SR__DNN_COMBINED_bin_7  1 +0.184451 -0.184451
mu_XS_hh  1 +9.54622 -7.64853


CORRELATION_MATRIX
9   9
-0.0115043   0.00553426   0.00359967   0.00225468   0.00101021   0.000688237   0.000393522   0.000213606   1   
-0.0185675   0.00893208   0.00580973   0.00363897   0.00163043   0.00111079   0.00063513   1   0.000213606   
-0.0342065   0.0164554   0.0107031   0.00670399   0.00300371   0.00204638   1   0.00063513   0.000393522   
-0.0598243   0.0287791   0.0187189   0.0117247   0.00525323   1   0.00204638   0.00111079   0.000688237   
-0.087811   0.0422424   0.0274759   0.0172097   1   0.00525323   0.00300371   0.00163043   0.00101021   
-0.195986   0.0942809   0.0613235   1   0.0172097   0.0117247   0.00670399   0.00363897   0.00225468   
-0.312898   0.150523   1   0.0613235   0.0274759   0.0187189   0.0107031   0.00580973   0.00359967   
-0.48106   1   0.150523   0.0942809   0.0422424   0.0287791   0.0164554   0.00893208   0.00553426   
1   -0.48106   -0.312898   -0.195986   -0.087811   -0.0598243   -0.0342065   -0.0185675   -0.0115043   


NLL
51.42413

