NUISANCE_PARAMETERS
gamma_stat_SR__XGB_COMBINED_bin_0  1 +0.0693441 -0.0693441
gamma_stat_SR__XGB_COMBINED_bin_1  1 +0.0416246 -0.0416246
gamma_stat_SR__XGB_COMBINED_bin_2  1 +0.051986 -0.051986
gamma_stat_SR__XGB_COMBINED_bin_3  1 +0.0441764 -0.0441764
gamma_stat_SR__XGB_COMBINED_bin_4  1 +0.0559516 -0.0559516
gamma_stat_SR__XGB_COMBINED_bin_5  1 +0.0768494 -0.0768494
gamma_stat_SR__XGB_COMBINED_bin_6  1 +0.0706959 -0.0706959
gamma_stat_SR__XGB_COMBINED_bin_7  1 +0.162619 -0.162619
mu_XS_hh  1 +8.14635 -6.52011


CORRELATION_MATRIX
9   9
-0.00977286   0.00476543   0.00162522   0.00134568   0.000741684   0.000356069   0.000236874   0.000136302   1   
-0.013947   0.00680089   0.00231938   0.00192044   0.00105847   0.000508152   0.000338047   1   0.000136302   
-0.0242379   0.0118191   0.00403075   0.00333744   0.00183947   0.000883095   1   0.000338047   0.000236874   
-0.0364345   0.0177667   0.00605902   0.00501685   0.00276509   1   0.000883095   0.000508152   0.000356069   
-0.0758921   0.0370075   0.0126208   0.01045   1   0.00276509   0.00183947   0.00105847   0.000741684   
-0.137695   0.0671447   0.0228986   1   0.01045   0.00501685   0.00333744   0.00192044   0.00134568   
-0.166299   0.0810931   1   0.0228986   0.0126208   0.00605902   0.00403075   0.00231938   0.00162522   
-0.487635   1   0.0810931   0.0671447   0.0370075   0.0177667   0.0118191   0.00680089   0.00476543   
1   -0.487635   -0.166299   -0.137695   -0.0758921   -0.0364345   -0.0242379   -0.013947   -0.00977286   


NLL
51.26661

