NUISANCE_PARAMETERS
gamma_stat_SR__DNN_RUN2_bin_0  1 +0.049777 -0.049777
gamma_stat_SR__DNN_RUN2_bin_1  1 +0.0924784 -0.0924784
gamma_stat_SR__DNN_RUN2_bin_2  1 +0.0487868 -0.0487868
gamma_stat_SR__DNN_RUN2_bin_3  1 +0.0669645 -0.0669645
gamma_stat_SR__DNN_RUN2_bin_4  1 +0.0611601 -0.0611601
gamma_stat_SR__DNN_RUN2_bin_5  1 +0.0681004 -0.0681004
gamma_stat_SR__DNN_RUN2_bin_6  1 +0.132193 -0.132193
gamma_stat_SR__DNN_RUN2_bin_7  1 +0.17298 -0.17298
mu_XS_hh  1 +12.6538 -9.6541


CORRELATION_MATRIX
9   9
-0.00987369   0.00290018   0.00207527   0.000937604   0.000649516   0.000459292   0.000234463   0.000240355   1   
-0.024343   0.00714996   0.00511671   0.00231161   0.00160134   0.00113236   0.000578054   1   0.000240355   
-0.0237462   0.00697468   0.00499127   0.00225494   0.00156209   0.0011046   1   0.000578054   0.000234463   
-0.0465168   0.0136626   0.00977764   0.00441723   0.00305999   1   0.0011046   0.00113236   0.000459292   
-0.0657825   0.0193212   0.0138273   0.00624669   1   0.00305999   0.00156209   0.00160134   0.000649516   
-0.0949598   0.0278905   0.0199607   1   0.00624669   0.00441723   0.00225494   0.00231161   0.000937604   
-0.2102   0.0617377   1   0.0199607   0.0138273   0.00977764   0.00499127   0.00511671   0.00207527   
-0.29371   1   0.0617377   0.0278905   0.0193212   0.0136626   0.00697468   0.00714996   0.00290018   
1   -0.29371   -0.2102   -0.0949598   -0.0657825   -0.0465168   -0.0237462   -0.024343   -0.00987369   


NLL
46.60389

