NUISANCE_PARAMETERS
gamma_stat_SR__PNN_COMBINED_bin_0  1 +0.0478928 -0.0478928
gamma_stat_SR__PNN_COMBINED_bin_1  1 +0.0410962 -0.0410962
gamma_stat_SR__PNN_COMBINED_bin_2  1 +0.050693 -0.050693
gamma_stat_SR__PNN_COMBINED_bin_3  1 +0.0420765 -0.0420765
gamma_stat_SR__PNN_COMBINED_bin_4  1 +0.0517514 -0.0517514
gamma_stat_SR__PNN_COMBINED_bin_5  1 +0.084767 -0.084767
gamma_stat_SR__PNN_COMBINED_bin_6  1 +0.0896044 -0.0896044
gamma_stat_SR__PNN_COMBINED_bin_7  1 +0.18549 -0.18549
mu_XS_hh  1 +10.1299 -8.10241


CORRELATION_MATRIX
9   9
-0.00903642   0.00509737   0.00226942   0.00178204   0.000805266   0.000441317   0.000302866   0.000160848   1   
-0.0177999   0.0100408   0.0044703   0.00351025   0.00158621   0.000869304   0.000596585   1   0.000160848   
-0.0335162   0.0189062   0.00841731   0.00660959   0.00298674   0.00163685   1   0.000596585   0.000302866   
-0.0488375   0.0275488   0.0122651   0.00963106   0.00435208   1   0.00163685   0.000869304   0.000441317   
-0.0891133   0.0502681   0.0223801   0.0175737   1   0.00435208   0.00298674   0.00158621   0.000805266   
-0.197206   0.111242   0.0495266   1   0.0175737   0.00963106   0.00660959   0.00351025   0.00178204   
-0.251142   0.141667   1   0.0495266   0.0223801   0.0122651   0.00841731   0.0044703   0.00226942   
-0.564091   1   0.141667   0.111242   0.0502681   0.0275488   0.0189062   0.0100408   0.00509737   
1   -0.564091   -0.251142   -0.197206   -0.0891133   -0.0488375   -0.0335162   -0.0177999   -0.00903642   


NLL
51.80473

