NUISANCE_PARAMETERS
gamma_stat_SR__GNN_RUN2_bin_0  1 +0.0578625 -0.0578625
gamma_stat_SR__GNN_RUN2_bin_1  1 +0.048277 -0.048277
gamma_stat_SR__GNN_RUN2_bin_2  1 +0.054234 -0.054234
gamma_stat_SR__GNN_RUN2_bin_3  1 +0.0534177 -0.0534177
gamma_stat_SR__GNN_RUN2_bin_4  1 +0.048833 -0.048833
gamma_stat_SR__GNN_RUN2_bin_5  1 +0.0587669 -0.0587669
gamma_stat_SR__GNN_RUN2_bin_6  1 +0.0574543 -0.0574543
gamma_stat_SR__GNN_RUN2_bin_7  1 +0.0893245 -0.0893245
gamma_stat_SR__GNN_RUN3_bin_0  1 +0.0550828 -0.0550828
gamma_stat_SR__GNN_RUN3_bin_1  1 +0.0621226 -0.0621226
gamma_stat_SR__GNN_RUN3_bin_2  1 +0.058884 -0.058884
gamma_stat_SR__GNN_RUN3_bin_3  1 +0.0618831 -0.0618831
gamma_stat_SR__GNN_RUN3_bin_4  1 +0.0620171 -0.0620171
gamma_stat_SR__GNN_RUN3_bin_5  1 +0.0615785 -0.0615785
gamma_stat_SR__GNN_RUN3_bin_6  1 +0.0767848 -0.0767848
gamma_stat_SR__GNN_RUN3_bin_7  1 +0.126516 -0.126516
mu_XS_hh  1 +13.3993 -12.269


CORRELATION_MATRIX
17   17
-0.0157038   0.00465843   0.00267735   0.00187876   0.00152533   0.000948627   0.000681462   0.000479458   0.000296411   0.00270708   0.00163235   0.00144186   0.000961219   0.000774198   0.000557662   0.000292558   1   
-0.0186297   0.00552639   0.00317619   0.00222881   0.00180952   0.00112537   0.000808431   0.00056879   0.000351638   0.00321146   0.00193649   0.0017105   0.00114031   0.000918445   0.000661565   1   0.000292558   
-0.0355113   0.0105342   0.00605433   0.00424847   0.00344925   0.00214514   0.001541   0.00108421   0.000670279   0.00612156   0.00369126   0.00326049   0.00217362   0.0017507   1   0.000661565   0.000557662   
-0.0493   0.0146245   0.00840518   0.00589812   0.00478856   0.00297809   0.00213936   0.00150519   0.000930543   0.00849851   0.00512455   0.00452652   0.00301762   1   0.0017507   0.000918445   0.000774198   
-0.0612093   0.0181573   0.0104356   0.00732292   0.00594532   0.0036975   0.00265616   0.0018688   0.00115533   0.0105515   0.00636248   0.00561998   1   0.00301762   0.00217362   0.00114031   0.000961219   
-0.0918158   0.0272366   0.0156537   0.0109846   0.00891817   0.00554636   0.00398432   0.00280326   0.00173303   0.0158275   0.00954524   1   0.00561998   0.00452652   0.00326049   0.0017105   0.00144186   
-0.103946   0.030835   0.0177218   0.0124359   0.0100964   0.00627913   0.00451072   0.00317362   0.001962   0.0179199   1   0.00954524   0.00636248   0.00512455   0.00369126   0.00193649   0.00163235   
-0.172384   0.0511365   0.0293898   0.0206235   0.0167438   0.0104132   0.00748053   0.0052631   0.00325376   1   0.0179199   0.0158275   0.0105515   0.00849851   0.00612156   0.00321146   0.00270708   
-0.0188751   0.00559918   0.00321803   0.00225817   0.00183336   0.0011402   0.00081908   0.000576282   1   0.00325376   0.001962   0.00173303   0.00115533   0.000930543   0.000670279   0.000351638   0.000296411   
-0.0305313   0.00905692   0.0052053   0.00365269   0.00296554   0.00184432   0.0013249   1   0.000576282   0.0052631   0.00317362   0.00280326   0.0018688   0.00150519   0.00108421   0.00056879   0.000479458   
-0.0433947   0.0128728   0.00739838   0.00519163   0.00421497   0.00262136   1   0.0013249   0.00081908   0.00748053   0.00451072   0.00398432   0.00265616   0.00213936   0.001541   0.000808431   0.000681462   
-0.0604074   0.017922   0.0103015   0.00722699   0.00586744   1   0.00262136   0.00184432   0.0011402   0.0104132   0.00627913   0.00554636   0.0036975   0.00297809   0.00214514   0.00112537   0.000948627   
-0.0971311   0.0288133   0.0165599   0.0116205   1   0.00586744   0.00421497   0.00296554   0.00183336   0.0167438   0.0100964   0.00891817   0.00594532   0.00478856   0.00344925   0.00180952   0.00152533   
-0.119637   0.0354897   0.020397   1   0.0116205   0.00722699   0.00519163   0.00365269   0.00225817   0.0206235   0.0124359   0.0109846   0.00732292   0.00589812   0.00424847   0.00222881   0.00187876   
-0.17049   0.0505774   1   0.020397   0.0165599   0.0103015   0.00739838   0.0052053   0.00321803   0.0293898   0.0177218   0.0156537   0.0104356   0.00840518   0.00605433   0.00317619   0.00267735   
-0.296644   1   0.0505774   0.0354897   0.0288133   0.017922   0.0128728   0.00905692   0.00559918   0.0511365   0.030835   0.0272366   0.0181573   0.0146245   0.0105342   0.00552639   0.00465843   
1   -0.296644   -0.17049   -0.119637   -0.0971311   -0.0604074   -0.0433947   -0.0305313   -0.0188751   -0.172384   -0.103946   -0.0918158   -0.0612093   -0.0493   -0.0355113   -0.0186297   -0.0157038   


NLL
1026.34066

