NUISANCE_PARAMETERS
gamma_stat_SR__PNN_RUN2_bin_0  1 +0.116723 -0.116723
gamma_stat_SR__PNN_RUN2_bin_1  1 +0.142249 -0.142249
gamma_stat_SR__PNN_RUN2_bin_2  1 +0.11031 -0.11031
gamma_stat_SR__PNN_RUN2_bin_3  1 +0.170896 -0.170896
gamma_stat_SR__PNN_RUN2_bin_4  1 +0.133713 -0.133713
gamma_stat_SR__PNN_RUN2_bin_5  1 +0.12568 -0.12568
mu_XS_hh  1 +15.4631 -10.8179


CORRELATION_MATRIX
7   7
-0.0138151   0.00281838   0.000905816   0.000902282   0.000366795   0.00027262   1   
-0.0197335   0.00402575   0.00129386   0.00128881   0.000523989   1   0.00027262   
-0.0265605   0.00541838   0.00174163   0.00173456   1   0.000523989   0.000366795   
-0.0653112   0.0133239   0.00428253   1   0.00173456   0.00128881   0.000902282   
-0.0655669   0.0133764   1   0.00428253   0.00174163   0.00129386   0.000905816   
-0.204006   1   0.0133764   0.0133239   0.00541838   0.00402575   0.00281838   
1   -0.204006   -0.0655669   -0.0653112   -0.0265605   -0.0197335   -0.0138151   


NLL
26.72148

