NUISANCE_PARAMETERS
gamma_stat_SR__DNN_RUN2_bin_0  0.953867 +0.0486366 -0.0486366
gamma_stat_SR__DNN_RUN2_bin_1  0.822167 +0.0839549 -0.0839549
gamma_stat_SR__DNN_RUN2_bin_2  0.967189 +0.048006 -0.048006
gamma_stat_SR__DNN_RUN2_bin_3  0.897715 +0.0635173 -0.0635173
gamma_stat_SR__DNN_RUN2_bin_4  0.956891 +0.0598555 -0.0598555
gamma_stat_SR__DNN_RUN2_bin_5  0.976833 +0.0672808 -0.0672808
gamma_stat_SR__DNN_RUN2_bin_6  0.990594 +0.130964 -0.130964
gamma_stat_SR__DNN_RUN2_bin_7  1.05636 +0.175811 -0.175811
gamma_stat_SR__GNN_RUN2_bin_0  0.93012 +0.0558358 -0.0558358
gamma_stat_SR__GNN_RUN2_bin_1  0.931899 +0.0466292 -0.0466292
gamma_stat_SR__GNN_RUN2_bin_2  0.941301 +0.0526485 -0.0526485
gamma_stat_SR__GNN_RUN2_bin_3  0.946198 +0.0519798 -0.0519798
gamma_stat_SR__GNN_RUN2_bin_4  0.976584 +0.048249 -0.048249
gamma_stat_SR__GNN_RUN2_bin_5  0.986226 +0.058287 -0.058287
gamma_stat_SR__GNN_RUN2_bin_6  0.971101 +0.0565047 -0.0565047
gamma_stat_SR__GNN_RUN2_bin_7  1.01102 +0.0892325 -0.0892325
gamma_stat_SR__MLP_RUN2_bin_0  1.00413 +0.0478354 -0.0478354
gamma_stat_SR__MLP_RUN2_bin_1  0.926714 +0.0543412 -0.0543412
gamma_stat_SR__MLP_RUN2_bin_2  0.641136 +0.075323 -0.075323
gamma_stat_SR__MLP_RUN2_bin_3  0.938382 +0.0639259 -0.0639259
gamma_stat_SR__MLP_RUN2_bin_4  0.962376 +0.0501428 -0.0501428
gamma_stat_SR__MLP_RUN2_bin_5  0.950896 +0.0823783 -0.0823783
gamma_stat_SR__MLP_RUN2_bin_6  1.02938 +0.109855 -0.109855
gamma_stat_SR__MLP_RUN2_bin_7  1.01766 +0.166248 -0.166248
gamma_stat_SR__PNN_RUN2_bin_0  0.884561 +0.057098 -0.057098
gamma_stat_SR__PNN_RUN2_bin_1  0.899876 +0.0540259 -0.0540259
gamma_stat_SR__PNN_RUN2_bin_2  0.793298 +0.074773 -0.074773
gamma_stat_SR__PNN_RUN2_bin_3  0.927641 +0.0436257 -0.0436257
gamma_stat_SR__PNN_RUN2_bin_4  0.996139 +0.0538767 -0.0538767
gamma_stat_SR__PNN_RUN2_bin_5  0.978591 +0.0621096 -0.0621096
gamma_stat_SR__PNN_RUN2_bin_6  1.04382 +0.138563 -0.138563
gamma_stat_SR__PNN_RUN2_bin_7  0.980425 +0.176205 -0.176205
gamma_stat_SR__XGB_RUN2_bin_0  0.936138 +0.0760313 -0.0760313
gamma_stat_SR__XGB_RUN2_bin_1  0.921863 +0.0561021 -0.0561021
gamma_stat_SR__XGB_RUN2_bin_2  0.762522 +0.0791282 -0.0791282
gamma_stat_SR__XGB_RUN2_bin_3  0.921962 +0.050721 -0.050721
gamma_stat_SR__XGB_RUN2_bin_4  0.969173 +0.0526244 -0.0526244
gamma_stat_SR__XGB_RUN2_bin_5  0.974016 +0.0561721 -0.0561721
gamma_stat_SR__XGB_RUN2_bin_6  1.03289 +0.101933 -0.101933
gamma_stat_SR__XGB_RUN2_bin_7  1.09979 +0.189461 -0.189461
mu_XS_hh  -11.0324 +3.97225 -3.42244


CORRELATION_MATRIX
41   41
-0.00320301   0.000507258   0.00017388   7.68374e-05   5.44339e-05   3.13663e-05   2.68031e-05   1.38648e-05   7.11679e-06   0.000349188   0.000253991   9.49251e-05   6.47665e-05   3.43976e-05   3.32111e-05   1.4259e-05   8.24361e-06   0.000318059   0.000195465   0.000126548   5.52953e-05   5.0562e-05   3.18163e-05   1.84437e-05   1.06134e-05   0.000163353   9.52642e-05   8.46849e-05   5.59932e-05   4.43583e-05   3.18406e-05   1.66076e-05   1.39816e-05   0.000343513   0.000230607   0.000100555   6.87074e-05   4.69922e-05   2.48542e-05   2.35051e-05   1   
-0.00733843   0.00116219   0.000398376   0.000176042   0.000124714   7.18634e-05   6.14393e-05   3.17657e-05   1.63053e-05   0.000800176   0.000581919   0.000217483   0.000148387   7.88085e-05   7.60899e-05   3.26687e-05   1.88869e-05   0.000728706   0.000447829   0.000289935   0.000126687   0.000115843   7.28944e-05   4.22563e-05   2.43164e-05   0.000374258   0.00021826   0.000194022   0.000128286   0.000101629   7.29501e-05   3.80496e-05   3.20333e-05   0.000786984   0.000528147   0.000230381   0.000157416   0.000107664   5.69436e-05   1   2.35051e-05   
-0.00775964   0.00122889   0.000421242   0.000186147   0.000131872   7.59883e-05   6.49335e-05   3.3589e-05   1.72412e-05   0.000845944   0.000615321   0.000229966   0.000156904   8.3332e-05   8.04574e-05   3.45439e-05   1.9971e-05   0.000770533   0.000473534   0.000306577   0.000133959   0.000122492   7.70784e-05   4.46818e-05   2.57121e-05   0.00039574   0.000230788   0.000205158   0.000135649   0.000107463   7.71374e-05   4.02337e-05   3.3872e-05   0.000832124   0.000558301   0.000243605   0.000166451   0.000113844   1   5.69436e-05   2.48542e-05   
-0.0146713   0.00232347   0.000796447   0.00035195   0.000249332   0.000143672   0.000122771   6.35071e-05   3.25981e-05   0.00159944   0.00116339   0.0004348   0.00029666   0.000157557   0.000152122   6.53126e-05   3.77595e-05   0.00145686   0.000895316   0.000579649   0.000253278   0.000231597   0.000145733   8.44804e-05   4.86142e-05   0.00074823   0.000436353   0.000387895   0.000256474   0.000203181   0.000145845   7.60703e-05   6.40422e-05   0.00157331   0.00105559   0.000460587   0.000314711   1   0.000113844   0.000107664   4.69922e-05   
-0.0214509   0.00339715   0.00116449   0.000514587   0.000364549   0.000210063   0.000179503   9.28538e-05   4.76618e-05   0.00233854   0.001701   0.000635722   0.000433747   0.000230364   0.000222417   9.54936e-05   5.52082e-05   0.00213007   0.00130904   0.000847505   0.000370318   0.000338618   0.000213077   0.000123519   7.10789e-05   0.00109399   0.000637993   0.000567142   0.000374991   0.000297072   0.00021324   0.000111222   9.36362e-05   0.00230033   0.00154337   0.000673272   1   0.000314711   0.000166451   0.000157416   6.87074e-05   
-0.0313939   0.00497181   0.00170425   0.00075311   0.000533526   0.000307432   0.000262707   0.000135894   6.97541e-05   0.00342251   0.00248945   0.000930394   0.000634799   0.000337143   0.000325513   0.000139757   8.07985e-05   0.00311741   0.00191582   0.00124034   0.000541969   0.000495576   0.000311843   0.000180773   0.000104026   0.00160108   0.000933718   0.000830026   0.000548809   0.000434771   0.000312081   0.000162777   0.000137039   0.0033666   0.00225877   1   0.000673272   0.000460587   0.000243605   0.000230381   0.000100555   
-0.0719493   0.0113945   0.00390586   0.001726   0.00122275   0.000704582   0.000602079   0.000311445   0.000159864   0.0078438   0.0057054   0.0021323   0.00145485   0.000772674   0.00074602   0.000320299   0.000185176   0.00714442   0.00439072   0.00284265   0.0012421   0.00113577   0.000714537   0.0004143   0.000238409   0.00366939   0.00213992   0.00190228   0.00125777   0.000996421   0.000715236   0.000373056   0.000314069   0.00771566   1   0.00225877   0.00154337   0.00105559   0.000558301   0.000528147   0.000230607   
-0.107237   0.0169831   0.00582152   0.00257253   0.00182246   0.00105015   0.000897373   0.000464196   0.000238271   0.0116909   0.00850366   0.00317811   0.00216839   0.00115164   0.00111191   0.000477393   0.000275998   0.0106487   0.00654419   0.00423686   0.0018513   0.00169283   0.00106518   0.000617498   0.000355339   0.00546908   0.00318946   0.00283526   0.00187466   0.00148512   0.00106603   0.000556025   0.000468107   1   0.00771566   0.0033666   0.00230033   0.00157331   0.000832124   0.000786984   0.000343513   
-0.00436515   0.000691304   0.000236968   0.000104716   7.41839e-05   4.27468e-05   3.6528e-05   1.88953e-05   9.69894e-06   0.000475882   0.000346145   0.000129366   8.82655e-05   4.6878e-05   4.52609e-05   1.94325e-05   1.12346e-05   0.00043346   0.000266384   0.000172463   7.53579e-05   6.89072e-05   4.33601e-05   2.51355e-05   1.44642e-05   0.000222621   0.000129828   0.000115411   7.6309e-05   6.03914e-05   4.33932e-05   2.26332e-05   1   0.000468107   0.000314069   0.000137039   9.36362e-05   6.40422e-05   3.3872e-05   3.20333e-05   1.39816e-05   
-0.00518499   0.000821141   0.000281473   0.000124383   8.81167e-05   5.07753e-05   4.33885e-05   2.24441e-05   1.15205e-05   0.000565259   0.000411157   0.000153663   0.000104843   5.56823e-05   5.37615e-05   2.30822e-05   1.33446e-05   0.00051487   0.000316415   0.000204854   8.95112e-05   8.1849e-05   5.15037e-05   2.98563e-05   1.71808e-05   0.000264433   0.000154212   0.000137087   9.06409e-05   7.18066e-05   5.15431e-05   1   2.26332e-05   0.000556025   0.000373056   0.000162777   0.000111222   7.60703e-05   4.02337e-05   3.80496e-05   1.66076e-05   
-0.00994084   0.00157432   0.000539651   0.000238472   0.00016894   9.73482e-05   8.31859e-05   4.30307e-05   2.20876e-05   0.00108373   0.000788284   0.000294609   0.000201009   0.000106756   0.000103073   4.4254e-05   2.55848e-05   0.000987126   0.000606642   0.000392754   0.000171614   0.000156924   9.87448e-05   5.72416e-05   3.29397e-05   0.00050698   0.000295661   0.000262827   0.00017378   0.00013767   1   5.15431e-05   4.33932e-05   0.00106603   0.000715236   0.000312081   0.00021324   0.000145845   7.71374e-05   7.29501e-05   3.18406e-05   
-0.0138489   0.00219324   0.000751807   0.000332223   0.000235357   0.000135619   0.000115889   5.99475e-05   3.0771e-05   0.00150979   0.00109819   0.00041043   0.000280032   0.000148726   0.000143595   6.16518e-05   3.56431e-05   0.0013752   0.000845134   0.00054716   0.000239082   0.000218616   0.000137565   7.97453e-05   4.58894e-05   0.000706292   0.000411896   0.000365847   0.000242099   1   0.00013767   7.18066e-05   6.03914e-05   0.00148512   0.000996421   0.000434771   0.000297072   0.000203181   0.000107463   0.000101629   4.43583e-05   
-0.0174814   0.00276851   0.000949   0.000419363   0.000297089   0.000171191   0.000146286   7.56713e-05   3.8842e-05   0.0019058   0.00138623   0.000518082   0.000353483   0.000187735   0.000181259   7.78226e-05   4.4992e-05   0.0017359   0.00106681   0.000690675   0.000301791   0.000275957   0.000173647   0.000100662   5.79259e-05   0.000891547   0.000519933   0.000462193   1   0.000242099   0.00017378   9.06409e-05   7.6309e-05   0.00187466   0.00125777   0.000548809   0.000374991   0.000256474   0.000135649   0.000128286   5.59932e-05   
-0.0264391   0.00418714   0.00143528   0.000634251   0.000449322   0.000258912   0.000221245   0.000114446   5.87452e-05   0.00288235   0.00209656   0.000783555   0.000534612   0.000283934   0.000274139   0.0001177   6.80465e-05   0.00262541   0.00161345   0.00104459   0.000456433   0.000417362   0.000262626   0.000152243   8.76079e-05   0.00134839   0.000786354   1   0.000462193   0.000365847   0.000262827   0.000137087   0.000115411   0.00283526   0.00190228   0.000830026   0.000567142   0.000387895   0.000205158   0.000194022   8.46849e-05   
-0.0297421   0.00471022   0.00161458   0.000713485   0.000505454   0.000291257   0.000248884   0.000128744   6.6084e-05   0.00324243   0.00235847   0.000881441   0.000601399   0.000319404   0.000308386   0.000132404   7.65473e-05   0.00295339   0.00181502   0.00117508   0.000513453   0.000469501   0.000295435   0.000171262   9.85524e-05   0.0015169   1   0.000786354   0.000519933   0.000411896   0.000295661   0.000154212   0.000129828   0.00318946   0.00213992   0.000933718   0.000637993   0.000436353   0.000230788   0.00021826   9.52642e-05   
-0.0509997   0.00807677   0.00276858   0.00122344   0.000866719   0.000499428   0.000426771   0.000220761   0.000113316   0.00555991   0.00404415   0.00151144   0.00103124   0.000547693   0.0005288   0.000227037   0.000131258   0.00506427   0.00311227   0.00201495   0.000880435   0.00080507   0.000506592   0.000293668   0.000168991   1   0.0015169   0.00134839   0.000891547   0.000706292   0.00050698   0.000264433   0.000222621   0.00546908   0.00366939   0.00160108   0.00109399   0.00074823   0.00039574   0.000374258   0.000163353   
-0.00331357   0.000524767   0.000179881   7.94896e-05   5.63128e-05   3.2449e-05   2.77283e-05   1.43434e-05   7.36244e-06   0.00036124   0.000262758   9.82016e-05   6.7002e-05   3.55849e-05   3.43574e-05   1.47511e-05   8.52815e-06   0.000329038   0.000202211   0.000130916   5.72039e-05   5.23073e-05   3.29145e-05   1.90803e-05   1   0.000168991   9.85524e-05   8.76079e-05   5.79259e-05   4.58894e-05   3.29397e-05   1.71808e-05   1.44642e-05   0.000355339   0.000238409   0.000104026   7.10789e-05   4.86142e-05   2.57121e-05   2.43164e-05   1.06134e-05   
-0.00575823   0.000911925   0.000312593   0.000138135   9.78587e-05   5.63889e-05   4.81854e-05   2.49255e-05   1.27942e-05   0.000627753   0.000456613   0.000170652   0.000116434   6.18385e-05   5.97053e-05   2.56341e-05   1.482e-05   0.000571792   0.000351397   0.000227503   9.94074e-05   9.09594e-05   5.71979e-05   1   1.90803e-05   0.000293668   0.000171262   0.000152243   0.000100662   7.97453e-05   5.72416e-05   2.98563e-05   2.51355e-05   0.000617498   0.0004143   0.000180773   0.000123519   8.44804e-05   4.46818e-05   4.22563e-05   1.84437e-05   
-0.00993324   0.00157312   0.000539238   0.00023829   0.000168811   9.72738e-05   8.31224e-05   4.29978e-05   2.20707e-05   0.00108291   0.000787682   0.000294383   0.000200855   0.000106675   0.000102995   4.42202e-05   2.55652e-05   0.000986402   0.000606178   0.000392454   0.000171483   0.000156865   1   5.71979e-05   3.29145e-05   0.000506592   0.000295435   0.000262626   0.000173647   0.000137565   9.87448e-05   5.15037e-05   4.33601e-05   0.00106518   0.000714537   0.000311843   0.000213077   0.000145733   7.70784e-05   7.28944e-05   3.18163e-05   
-0.0157858   0.00249998   0.00085695   0.000378686   0.000268273   0.000154586   0.000132097   6.83314e-05   3.50745e-05   0.00172094   0.00125177   0.00046783   0.000319196   0.000169526   0.000163678   7.02741e-05   4.06279e-05   0.00156759   0.000963391   0.000623682   0.00027258   1   0.000156865   9.09594e-05   5.23073e-05   0.00080507   0.000469501   0.000417362   0.000275957   0.000218616   0.000156924   8.1849e-05   6.89072e-05   0.00169283   0.00113577   0.000495576   0.000338618   0.000231597   0.000122492   0.000115843   5.0562e-05   
-0.0172635   0.00273401   0.000937172   0.000414137   0.000293387   0.000169058   0.000144463   7.47282e-05   3.83579e-05   0.00188204   0.00136896   0.000511625   0.000349077   0.000185396   0.000179   7.68527e-05   4.44313e-05   0.00171433   0.00105351   0.000682068   1   0.00027258   0.000171483   9.94074e-05   5.72039e-05   0.000880435   0.000513453   0.000456433   0.000301791   0.000239082   0.000171614   8.95112e-05   7.53579e-05   0.0018513   0.0012421   0.000541969   0.000370318   0.000253278   0.000133959   0.000126687   5.52953e-05   
-0.0395091   0.00625702   0.0021448   0.000947789   0.000671442   0.000386903   0.000330616   0.000171022   8.77855e-05   0.00430722   0.00313298   0.0011709   0.000798894   0.000424295   0.000409658   0.000175884   0.000101685   0.00392326   0.00241105   1   0.000682068   0.000623682   0.000392454   0.000227503   0.000130916   0.00201495   0.00117508   0.00104459   0.000690675   0.00054716   0.000392754   0.000204854   0.000172463   0.00423686   0.00284265   0.00124034   0.000847505   0.000579649   0.000306577   0.000289935   0.000126548   
-0.0610252   0.0096645   0.00331283   0.00146394   0.0010371   0.000597605   0.000510665   0.000264158   0.000135592   0.00665287   0.00483915   0.00180855   0.00123396   0.000655359   0.000632752   0.000271668   0.000157061   0.00605981   1   0.00241105   0.00105351   0.000963391   0.000606178   0.000351397   0.000202211   0.00311227   0.00181502   0.00161345   0.00106681   0.000845134   0.000606642   0.000316415   0.000266384   0.00654419   0.00439072   0.00191582   0.00130904   0.000895316   0.000473534   0.000447829   0.000195465   
-0.0993001   0.015726   0.00539063   0.00238212   0.00168756   0.000972421   0.000830953   0.000429838   0.000220635   0.0108255   0.00787425   0.00294288   0.0020079   0.0010664   0.00102961   0.000442058   0.000255569   1   0.00605981   0.00392326   0.00171433   0.00156759   0.000986402   0.000571792   0.000329038   0.00506427   0.00295339   0.00262541   0.0017359   0.0013752   0.000987126   0.00051487   0.00043346   0.0106487   0.00714442   0.00311741   0.00213007   0.00145686   0.000770533   0.000728706   0.000318059   
-0.00257371   0.000407595   0.000139717   6.17409e-05   4.37391e-05   2.52037e-05   2.1537e-05   1.11407e-05   5.71853e-06   0.000280581   0.000204088   7.62748e-05   5.20416e-05   2.76394e-05   2.67473e-05   1.14575e-05   1   0.000255569   0.000157061   0.000101685   4.44313e-05   4.06279e-05   2.55652e-05   1.482e-05   8.52815e-06   0.000131258   7.65473e-05   6.80465e-05   4.4992e-05   3.56431e-05   2.55848e-05   1.33446e-05   1.12346e-05   0.000275998   0.000185176   8.07985e-05   5.52082e-05   3.77595e-05   1.9971e-05   1.88869e-05   8.24361e-06   
-0.00445174   0.000705017   0.000241668   0.000106793   7.56554e-05   4.35948e-05   3.72526e-05   1.92701e-05   9.89133e-06   0.000485626   0.000353012   0.000131933   9.00163e-05   4.78079e-05   4.622e-05   1   1.14575e-05   0.000442058   0.000271668   0.000175884   7.68527e-05   7.02741e-05   4.42202e-05   2.56341e-05   1.47511e-05   0.000227037   0.000132404   0.0001177   7.78226e-05   6.16518e-05   4.4254e-05   2.30822e-05   1.94325e-05   0.000477393   0.000320299   0.000139757   9.54936e-05   6.53126e-05   3.45439e-05   3.26687e-05   1.4259e-05   
-0.0103687   0.00164208   0.000562877   0.000248736   0.000176212   0.000101538   8.67662e-05   4.48827e-05   2.30382e-05   0.00113068   0.000822273   0.000307288   0.000209967   0.000111412   1   4.622e-05   2.67473e-05   0.00102961   0.000632752   0.000409658   0.000179   0.000163678   0.000102995   5.97053e-05   3.43574e-05   0.0005288   0.000308386   0.000274139   0.000181259   0.000143595   0.000103073   5.37615e-05   4.52609e-05   0.00111191   0.00074602   0.000325513   0.000222417   0.000152122   8.04574e-05   7.60899e-05   3.32111e-05   
-0.0107391   0.00170075   0.000582988   0.000257622   0.000182507   0.000105166   8.98663e-05   4.64863e-05   2.38614e-05   0.00117077   0.000851588   0.000318267   0.000217151   1   0.000111412   4.78079e-05   2.76394e-05   0.0010664   0.000655359   0.000424295   0.000185396   0.000169526   0.000106675   6.18385e-05   3.55849e-05   0.000547693   0.000319404   0.000283934   0.000187735   0.000148726   0.000106756   5.56823e-05   4.6878e-05   0.00115164   0.000772674   0.000337143   0.000230364   0.000157557   8.3332e-05   7.88085e-05   3.43976e-05   
-0.0202205   0.0032023   0.00109769   0.000485071   0.000343639   0.000198014   0.000169207   8.75279e-05   4.4928e-05   0.00220441   0.00160344   0.000599258   1   0.000217151   0.000209967   9.00163e-05   5.20416e-05   0.0020079   0.00123396   0.000798894   0.000349077   0.000319196   0.000200855   0.000116434   6.7002e-05   0.00103124   0.000601399   0.000534612   0.000353483   0.000280032   0.000201009   0.000104843   8.82655e-05   0.00216839   0.00145485   0.000634799   0.000433747   0.00029666   0.000156904   0.000148387   6.47665e-05   
-0.0296362   0.00469345   0.00160884   0.000710945   0.000503655   0.00029022   0.000247999   0.000128285   6.58488e-05   0.00323089   0.00235008   1   0.000599258   0.000318267   0.000307288   0.000131933   7.62748e-05   0.00294288   0.00180855   0.0011709   0.000511625   0.00046783   0.000294383   0.000170652   9.82016e-05   0.00151144   0.000881441   0.000783555   0.000518082   0.00041043   0.000294609   0.000153663   0.000129366   0.00317811   0.0021323   0.000930394   0.000635722   0.0004348   0.000229966   0.000217483   9.49251e-05   
-0.0792975   0.0125583   0.00430476   0.00190228   0.00134763   0.000776541   0.00066357   0.000343253   0.000176192   0.00864489   1   0.00235008   0.00160344   0.000851588   0.000822273   0.000353012   0.000204088   0.00787425   0.00483915   0.00313298   0.00136896   0.00125177   0.000787682   0.000456613   0.000262758   0.00404415   0.00235847   0.00209656   0.00138623   0.00109819   0.000788284   0.000411157   0.000346145   0.00850366   0.0057054   0.00248945   0.001701   0.00116339   0.000615321   0.000581919   0.000253991   
-0.109018   0.0172652   0.0059182   0.00261525   0.00185272   0.00106759   0.000912429   0.000471905   0.000242229   1   0.00864489   0.00323089   0.00220441   0.00117077   0.00113068   0.000485626   0.000280581   0.0108255   0.00665287   0.00430722   0.00188204   0.00172094   0.00108291   0.000627753   0.00036124   0.00555991   0.00324243   0.00288235   0.0019058   0.00150979   0.00108373   0.000565259   0.000475882   0.0116909   0.0078438   0.00342251   0.00233854   0.00159944   0.000845944   0.000800176   0.000349188   
-0.0022219   0.000351881   0.000120619   5.33015e-05   3.77604e-05   2.16972e-05   1.85318e-05   9.6179e-06   1   0.000242229   0.000176192   6.58488e-05   4.4928e-05   2.38614e-05   2.30382e-05   9.89133e-06   5.71853e-06   0.000220635   0.000135592   8.77855e-05   3.83579e-05   3.50745e-05   2.20707e-05   1.27942e-05   7.36244e-06   0.000113316   6.6084e-05   5.87452e-05   3.8842e-05   3.0771e-05   2.20876e-05   1.15205e-05   9.69894e-06   0.000238271   0.000159864   6.97541e-05   4.76618e-05   3.25981e-05   1.72412e-05   1.63053e-05   7.11679e-06   
-0.00432867   0.000685528   0.000234987   0.000103841   7.3564e-05   4.23896e-05   3.62228e-05   1   9.6179e-06   0.000471905   0.000343253   0.000128285   8.75279e-05   4.64863e-05   4.48827e-05   1.92701e-05   1.11407e-05   0.000429838   0.000264158   0.000171022   7.47282e-05   6.83314e-05   4.29978e-05   2.49255e-05   1.43434e-05   0.000220761   0.000128744   0.000114446   7.56713e-05   5.99475e-05   4.30307e-05   2.24441e-05   1.88953e-05   0.000464196   0.000311445   0.000135894   9.28538e-05   6.35071e-05   3.3589e-05   3.17657e-05   1.38648e-05   
-0.0083681   0.00132525   0.000454273   0.000200743   0.000142212   8.18854e-05   1   3.62228e-05   1.85318e-05   0.000912429   0.00066357   0.000247999   0.000169207   8.98663e-05   8.67662e-05   3.72526e-05   2.1537e-05   0.000830953   0.000510665   0.000330616   0.000144463   0.000132097   8.31224e-05   4.81854e-05   2.77283e-05   0.000426771   0.000248884   0.000221245   0.000146286   0.000115889   8.31859e-05   4.33885e-05   3.6528e-05   0.000897373   0.000602079   0.000262707   0.000179503   0.000122771   6.49335e-05   6.14393e-05   2.68031e-05   
-0.00979275   0.00155087   0.000531612   0.000234919   0.000166424   1   8.18854e-05   4.23896e-05   2.16972e-05   0.00106759   0.000776541   0.00029022   0.000198014   0.000105166   0.000101538   4.35948e-05   2.52037e-05   0.000972421   0.000597605   0.000386903   0.000169058   0.000154586   9.72738e-05   5.63889e-05   3.2449e-05   0.000499428   0.000291257   0.000258912   0.000171191   0.000135619   9.73482e-05   5.07753e-05   4.27468e-05   0.00105015   0.000704582   0.000307432   0.000210063   0.000143672   7.59883e-05   7.18634e-05   3.13663e-05   
-0.0169946   0.00269148   0.000922572   0.000407685   1   0.000166424   0.000142212   7.3564e-05   3.77604e-05   0.00185272   0.00134763   0.000503655   0.000343639   0.000182507   0.000176212   7.56554e-05   4.37391e-05   0.00168756   0.0010371   0.000671442   0.000293387   0.000268273   0.000168811   9.78587e-05   5.63128e-05   0.000866719   0.000505454   0.000449322   0.000297089   0.000235357   0.00016894   8.81167e-05   7.41839e-05   0.00182246   0.00122275   0.000533526   0.000364549   0.000249332   0.000131872   0.000124714   5.44339e-05   
-0.0239891   0.00379943   0.00130228   1   0.000407685   0.000234919   0.000200743   0.000103841   5.33015e-05   0.00261525   0.00190228   0.000710945   0.000485071   0.000257622   0.000248736   0.000106793   6.17409e-05   0.00238212   0.00146394   0.000947789   0.000414137   0.000378686   0.00023829   0.000138135   7.94896e-05   0.00122344   0.000713485   0.000634251   0.000419363   0.000332223   0.000238472   0.000124383   0.000104716   0.00257253   0.001726   0.00075311   0.000514587   0.00035195   0.000186147   0.000176042   7.68374e-05   
-0.0542862   0.00859732   1   0.00130228   0.000922572   0.000531612   0.000454273   0.000234987   0.000120619   0.0059182   0.00430476   0.00160884   0.00109769   0.000582988   0.000562877   0.000241668   0.000139717   0.00539063   0.00331283   0.0021448   0.000937172   0.00085695   0.000539238   0.000312593   0.000179881   0.00276858   0.00161458   0.00143528   0.000949   0.000751807   0.000539651   0.000281473   0.000236968   0.00582152   0.00390586   0.00170425   0.00116449   0.000796447   0.000421242   0.000398376   0.00017388   
-0.158369   1   0.00859732   0.00379943   0.00269148   0.00155087   0.00132525   0.000685528   0.000351881   0.0172652   0.0125583   0.00469345   0.0032023   0.00170075   0.00164208   0.000705017   0.000407595   0.015726   0.0096645   0.00625702   0.00273401   0.00249998   0.00157312   0.000911925   0.000524767   0.00807677   0.00471022   0.00418714   0.00276851   0.00219324   0.00157432   0.000821141   0.000691304   0.0169831   0.0113945   0.00497181   0.00339715   0.00232347   0.00122889   0.00116219   0.000507258   
1   -0.158369   -0.0542862   -0.0239891   -0.0169946   -0.00979275   -0.0083681   -0.00432867   -0.0022219   -0.109018   -0.0792975   -0.0296362   -0.0202205   -0.0107391   -0.0103687   -0.00445174   -0.00257371   -0.0993001   -0.0610252   -0.0395091   -0.0172635   -0.0157858   -0.00993324   -0.00575823   -0.00331357   -0.0509997   -0.0297421   -0.0264391   -0.0174814   -0.0138489   -0.00994084   -0.00518499   -0.00436515   -0.107237   -0.0719493   -0.0313939   -0.0214509   -0.0146713   -0.00775964   -0.00733843   -0.00320301   


NLL
2998.32403

