NUISANCE_PARAMETERS
gamma_stat_SR__DNN_RUN2_bin_0  1 +0.0497761 -0.0497761
gamma_stat_SR__DNN_RUN2_bin_1  1 +0.092467 -0.092467
gamma_stat_SR__DNN_RUN2_bin_2  1 +0.048781 -0.048781
gamma_stat_SR__DNN_RUN2_bin_3  1 +0.0669342 -0.0669342
gamma_stat_SR__DNN_RUN2_bin_4  1 +0.0611042 -0.0611042
gamma_stat_SR__DNN_RUN2_bin_5  1 +0.0679705 -0.0679705
gamma_stat_SR__DNN_RUN2_bin_6  1 +0.130952 -0.130952
gamma_stat_SR__DNN_RUN2_bin_7  1 +0.169806 -0.169806
gamma_stat_SR__DNN_RUN3_bin_0  1 +0.0476967 -0.0476967
gamma_stat_SR__DNN_RUN3_bin_1  1 +0.0515049 -0.0515049
gamma_stat_SR__DNN_RUN3_bin_2  1 +0.0589142 -0.0589142
gamma_stat_SR__DNN_RUN3_bin_3  1 +0.0802225 -0.0802225
gamma_stat_SR__DNN_RUN3_bin_4  1 +0.0939329 -0.0939329
gamma_stat_SR__DNN_RUN3_bin_5  1 +0.0650133 -0.0650133
gamma_stat_SR__DNN_RUN3_bin_6  1 +0.170985 -0.170985
mu_XS_hh  0.999999 +9.20716 -7.68206


CORRELATION_MATRIX
16   16
-0.00748118   0.00289238   0.000726509   0.000784059   0.000478589   0.000217896   0.000128775   0.000105776   0.00169601   0.00120263   0.000539211   0.00037315   0.000263748   0.000134583   0.000137947   1   
-0.0184393   0.00712899   0.00179066   0.00193251   0.0011796   0.000537059   0.000317399   0.000260711   0.00418024   0.00296419   0.00132902   0.000919723   0.000650073   0.000331714   1   0.000137947   
-0.0179895   0.00695512   0.00174699   0.00188538   0.00115083   0.000523961   0.000309658   0.000254353   0.00407829   0.0028919   0.00129661   0.000897292   0.000634219   1   0.000331714   0.000134583   
-0.0352549   0.0136303   0.00342366   0.00369486   0.00225534   0.00102683   0.000606849   0.000498466   0.0079924   0.00566738   0.00254102   0.00175846   1   0.000634219   0.000650073   0.000263748   
-0.0498785   0.0192841   0.00484378   0.00522748   0.00319085   0.00145276   0.00085857   0.00070523   0.0113076   0.0080182   0.00359503   1   0.00175846   0.000897292   0.000919723   0.00037315   
-0.0720757   0.0278659   0.00699938   0.00755383   0.00461085   0.00209927   0.00124065   0.00101907   0.0163398   0.0115865   1   0.00359503   0.00254102   0.00129661   0.00132902   0.000539211   
-0.160755   0.062151   0.0156111   0.0168477   0.0102839   0.00468211   0.0027671   0.0022729   0.0364436   1   0.0115865   0.0080182   0.00566738   0.0028919   0.00296419   0.00120263   
-0.226704   0.0876482   0.0220155   0.0237595   0.0145028   0.00660294   0.0039023   0.00320535   1   0.0364436   0.0163398   0.0113076   0.0079924   0.00407829   0.00418024   0.00169601   
-0.0141389   0.0054664   0.00137305   0.00148182   0.000904502   0.000411809   0.000243377   1   0.00320535   0.0022729   0.00101907   0.00070523   0.000498466   0.000254353   0.000260711   0.000105776   
-0.0172132   0.00665498   0.0016716   0.00180402   0.00110117   0.00050135   1   0.000243377   0.0039023   0.0027671   0.00124065   0.00085857   0.000606849   0.000309658   0.000317399   0.000128775   
-0.0291259   0.0112607   0.00282846   0.00305251   0.00186325   1   0.00050135   0.000411809   0.00660294   0.00468211   0.00209927   0.00145276   0.00102683   0.000523961   0.000537059   0.000217896   
-0.0639724   0.024733   0.00621246   0.00670457   1   0.00186325   0.00110117   0.000904502   0.0145028   0.0102839   0.00461085   0.00319085   0.00225534   0.00115083   0.0011796   0.000478589   
-0.104804   0.0405209   0.0101777   1   0.00670457   0.00305251   0.00180402   0.00148182   0.0237595   0.0168477   0.00755383   0.00522748   0.00369486   0.00188538   0.00193251   0.000784059   
-0.0971116   0.0375467   1   0.0101777   0.00621246   0.00282846   0.0016716   0.00137305   0.0220155   0.0156111   0.00699938   0.00484378   0.00342366   0.00174699   0.00179066   0.000726509   
-0.38662   1   0.0375467   0.0405209   0.024733   0.0112607   0.00665498   0.0054664   0.0876482   0.062151   0.0278659   0.0192841   0.0136303   0.00695512   0.00712899   0.00289238   
1   -0.38662   -0.0971116   -0.104804   -0.0639724   -0.0291259   -0.0172132   -0.0141389   -0.226704   -0.160755   -0.0720757   -0.0498785   -0.0352549   -0.0179895   -0.0184393   -0.00748118   


NLL
847.87425

