NUISANCE_PARAMETERS
gamma_stat_SR__PNN_COMBINED_bin_0  1 +0.0743411 -0.0743411
gamma_stat_SR__PNN_COMBINED_bin_1  1 +0.0836489 -0.0836489
gamma_stat_SR__PNN_COMBINED_bin_2  1 +0.0653113 -0.0653113
gamma_stat_SR__PNN_COMBINED_bin_3  1 +0.0763795 -0.0763795
gamma_stat_SR__PNN_COMBINED_bin_4  1 +0.0810885 -0.0810885
gamma_stat_SR__PNN_COMBINED_bin_5  1 +0.0887439 -0.0887439
gamma_stat_SR__PNN_COMBINED_bin_6  1 +0.0939208 -0.0939208
gamma_stat_SR__PNN_COMBINED_bin_7  1 +0.144642 -0.144642
mu_XS_hh  1 +9.5887 -7.32239


CORRELATION_MATRIX
9   9
-0.0166438   0.00395961   0.00244574   0.00197291   0.00123525   0.000836597   0.000416396   0.000365181   1   
-0.0219409   0.00521979   0.00322406   0.00260081   0.00162838   0.00110285   0.000548919   1   0.000365181   
-0.025018   0.00595184   0.00367619   0.00296556   0.00185675   0.00125752   1   0.000548919   0.000416396   
-0.0502646   0.0119581   0.00738578   0.00595822   0.00373047   1   0.00125752   0.00110285   0.000836597   
-0.0742165   0.0176563   0.0109051   0.00879741   1   0.00373047   0.00185675   0.00162838   0.00123525   
-0.118537   0.0282002   0.0174173   1   0.00879741   0.00595822   0.00296556   0.00260081   0.00197291   
-0.146934   0.0349558   1   0.0174173   0.0109051   0.00738578   0.00367619   0.00322406   0.00244574   
-0.237902   1   0.0349558   0.0282002   0.0176563   0.0119581   0.00595184   0.00521979   0.00395961   
1   -0.237902   -0.146934   -0.118537   -0.0742165   -0.0502646   -0.025018   -0.0219409   -0.0166438   


NLL
45.63016

