NUISANCE_PARAMETERS
gamma_stat_SR__MLP_RUN3_bin_0  1 +0.209022 -0.209022
gamma_stat_SR__MLP_RUN3_bin_1  1 +0.131212 -0.131212
gamma_stat_SR__MLP_RUN3_bin_2  1 +0.102644 -0.102644
gamma_stat_SR__MLP_RUN3_bin_3  1 +0.141047 -0.141047
gamma_stat_SR__MLP_RUN3_bin_4  1 +0.176247 -0.176247
gamma_stat_SR__MLP_RUN3_bin_5  1 +0.187573 -0.187573
mu_XS_hh  1 +12.8271 -8.63764


CORRELATION_MATRIX
7   7
-0.00293125   0.000959633   0.000265047   0.000143242   4.49755e-05   2.5809e-05   1   
-0.00884436   0.00289562   0.000800066   0.000432361   0.000136053   1   2.5809e-05   
-0.015383   0.00503624   0.00139156   0.000751886   1   0.000136053   4.49755e-05   
-0.048867   0.0159981   0.00442071   1   0.000751886   0.000432361   0.000143242   
-0.0904606   0.0296151   1   0.00442071   0.00139156   0.000800066   0.000265047   
-0.32738   1   0.0296151   0.0159981   0.00503624   0.00289562   0.000959633   
1   -0.32738   -0.0904606   -0.048867   -0.015383   -0.00884436   -0.00293125   


NLL
26.26875

