NUISANCE_PARAMETERS
gamma_stat_SR__XGB_RUN2_bin_0  1 +0.207739 -0.207739
gamma_stat_SR__XGB_RUN2_bin_1  1 +0.140132 -0.140132
gamma_stat_SR__XGB_RUN2_bin_2  1 +0.175874 -0.175874
gamma_stat_SR__XGB_RUN2_bin_3  1 +0.174426 -0.174426
gamma_stat_SR__XGB_RUN2_bin_4  1 +0.134164 -0.134164
gamma_stat_SR__XGB_RUN2_bin_5  1 +0.124864 -0.124864
mu_XS_hh  1 +12.7464 -8.67542


CORRELATION_MATRIX
7   7
-0.004884   0.00103126   0.000233465   0.000182802   8.44603e-05   2.36721e-05   1   
-0.00484686   0.00102371   0.000231689   0.000181716   8.3514e-05   1   2.36721e-05   
-0.017262   0.00364541   0.000825006   0.000646636   1   8.3514e-05   8.44603e-05   
-0.03746   0.00791085   0.00179081   1   0.000646636   0.000181716   0.000182802   
-0.047802   0.010095   1   0.00179081   0.000825006   0.000231689   0.000233465   
-0.211181   1   0.010095   0.00791085   0.00364541   0.00102371   0.00103126   
1   -0.211181   -0.047802   -0.03746   -0.017262   -0.00484686   -0.004884   


NLL
25.28051

