NUISANCE_PARAMETERS
gamma_stat_SR__MLP_RUN2_bin_0  1 +0.172021 -0.172021
gamma_stat_SR__MLP_RUN2_bin_1  1 +0.154479 -0.154479
gamma_stat_SR__MLP_RUN2_bin_2  1 +0.174682 -0.174682
gamma_stat_SR__MLP_RUN2_bin_3  1 +0.148599 -0.148599
gamma_stat_SR__MLP_RUN2_bin_4  1 +0.132819 -0.132819
gamma_stat_SR__MLP_RUN2_bin_5  1 +0.133511 -0.133511
gamma_stat_SR__MLP_RUN3_bin_0  1 +0.209022 -0.209022
gamma_stat_SR__MLP_RUN3_bin_1  1 +0.13121 -0.13121
gamma_stat_SR__MLP_RUN3_bin_2  1 +0.102638 -0.102638
gamma_stat_SR__MLP_RUN3_bin_3  1 +0.140967 -0.140967
gamma_stat_SR__MLP_RUN3_bin_4  1 +0.175906 -0.175906
gamma_stat_SR__MLP_RUN3_bin_5  1 +0.182771 -0.182771
mu_XS_hh  1 +8.75043 -6.63462


CORRELATION_MATRIX
13   13
-0.00408911   0.000993529   0.000267938   0.00014454   4.54764e-05   2.61465e-05   8.66435e-06   0.000641862   0.000144477   9.40757e-05   7.07055e-05   2.3349e-05   1   
-0.00571003   0.00138736   0.000374148   0.000201835   6.35031e-05   3.65109e-05   1.20989e-05   0.000896295   0.000201747   0.000131367   9.84285e-05   1   2.3349e-05   
-0.0172912   0.00420122   0.001133   0.000611198   0.000192301   0.000110563   3.66379e-05   0.00271447   0.000610933   0.000397807   1   9.84285e-05   7.07055e-05   
-0.0230064   0.00558985   0.00150749   0.000813217   0.000255862   0.000147107   4.87478e-05   0.00361158   0.000812864   1   0.000397807   0.000131367   9.40757e-05   
-0.0353321   0.00858461   0.00231513   0.0012489   0.00039294   0.00022592   7.48645e-05   0.00554603   1   0.000812864   0.000610933   0.000201747   0.000144477   
-0.156969   0.0381385   0.0102853   0.00554843   0.0017457   0.00100368   0.000332598   1   0.00554603   0.00361158   0.00271447   0.000896295   0.000641862   
-0.00211888   0.000514823   0.000138535   7.52015e-05   2.35648e-05   1.35485e-05   1   0.000332598   7.48645e-05   4.87478e-05   3.66379e-05   1.20989e-05   8.66435e-06   
-0.00639417   0.00155359   0.000418673   0.000226322   7.11117e-05   1   1.35485e-05   0.00100368   0.00022592   0.000147107   0.000110563   3.65109e-05   2.61465e-05   
-0.0111213   0.00270214   0.000728723   0.00039311   1   7.11117e-05   2.35648e-05   0.0017457   0.00039294   0.000255862   0.000192301   6.35031e-05   4.54764e-05   
-0.0353474   0.00858863   0.00231613   1   0.00039311   0.000226322   7.52015e-05   0.00554843   0.0012489   0.000813217   0.000611198   0.000201835   0.00014454   
-0.0655248   0.0159205   1   0.00231613   0.000728723   0.000418673   0.000138535   0.0102853   0.00231513   0.00150749   0.001133   0.000374148   0.000267938   
-0.242969   1   0.0159205   0.00858863   0.00270214   0.00155359   0.000514823   0.0381385   0.00858461   0.00558985   0.00420122   0.00138736   0.000993529   
1   -0.242969   -0.0655248   -0.0353474   -0.0111213   -0.00639417   -0.00211888   -0.156969   -0.0353321   -0.0230064   -0.0172912   -0.00571003   -0.00408911   


NLL
125.99518

