NUISANCE_PARAMETERS
gamma_stat_SR__GNN_COMBINED_bin_0  1 +0.0967202 -0.0967202
gamma_stat_SR__GNN_COMBINED_bin_1  1 +0.137417 -0.137417
gamma_stat_SR__GNN_COMBINED_bin_2  1 +0.115675 -0.115675
gamma_stat_SR__GNN_COMBINED_bin_3  1 +0.0984871 -0.0984871
gamma_stat_SR__GNN_COMBINED_bin_4  1 +0.083766 -0.083766
gamma_stat_SR__GNN_COMBINED_bin_5  1 +0.0886012 -0.0886012
gamma_stat_SR__GNN_COMBINED_bin_6  1 +0.186765 -0.186765
mu_XS_hh  1 +10.9886 -8.44515


CORRELATION_MATRIX
8   8
-0.0219907   0.00550471   0.002041   0.00160855   0.00148158   0.00125264   0.000894023   1   
-0.0406547   0.0101767   0.00377325   0.00297311   0.00273904   0.00231579   1   0.000894023   
-0.0569625   0.0142589   0.00528681   0.00416581   0.00383775   1   0.00231579   0.00125264   
-0.0673733   0.0168653   0.00625352   0.00492768   1   0.00383775   0.00273904   0.00148158   
-0.0731366   0.0183078   0.0067882   1   0.00492768   0.00416581   0.00297311   0.00160855   
-0.0928122   0.0232328   1   0.0067882   0.00625352   0.00528681   0.00377325   0.002041   
-0.25032   1   0.0232328   0.0183078   0.0168653   0.0142589   0.0101767   0.00550471   
1   -0.25032   -0.0928122   -0.0731366   -0.0673733   -0.0569625   -0.0406547   -0.0219907   


NLL
34.42244

