NUISANCE_PARAMETERS
gamma_stat_SR__XGB_COMBINED_bin_0  1 +0.0810977 -0.0810977
gamma_stat_SR__XGB_COMBINED_bin_1  1 +0.0804471 -0.0804471
gamma_stat_SR__XGB_COMBINED_bin_2  1 +0.0639628 -0.0639628
gamma_stat_SR__XGB_COMBINED_bin_3  1 +0.0882582 -0.0882582
gamma_stat_SR__XGB_COMBINED_bin_4  1 +0.0694828 -0.0694828
gamma_stat_SR__XGB_COMBINED_bin_5  1 +0.0847329 -0.0847329
gamma_stat_SR__XGB_COMBINED_bin_6  1 +0.0993676 -0.0993676
gamma_stat_SR__XGB_COMBINED_bin_7  1 +0.130247 -0.130247
mu_XS_hh  0.999999 +7.06705 -5.08182


CORRELATION_MATRIX
9   9
-0.00617065   0.00126996   0.000727708   0.000515822   0.000263551   0.000192137   8.63997e-05   5.51857e-05   1   
-0.00894326   0.00184049   0.00105468   0.000747592   0.00038197   0.000278469   0.000125221   1   5.51857e-05   
-0.0140017   0.0028814   0.00165123   0.00117044   0.000598019   0.000435976   1   0.000125221   8.63997e-05   
-0.0311373   0.00640748   0.00367204   0.00260285   0.00132989   1   0.000435976   0.000278469   0.000192137   
-0.0427104   0.00878893   0.00503686   0.00357028   1   0.00132989   0.000598019   0.00038197   0.000263551   
-0.0835928   0.0172015   0.00985815   1   0.00357028   0.00260285   0.00117044   0.000747592   0.000515822   
-0.117931   0.024267   1   0.00985815   0.00503686   0.00367204   0.00165123   0.00105468   0.000727708   
-0.205775   1   0.024267   0.0172015   0.00878893   0.00640748   0.0028814   0.00184049   0.00126996   
1   -0.205775   -0.117931   -0.0835928   -0.0427104   -0.0311373   -0.0140017   -0.00894326   -0.00617065   


NLL
45.39449

