NUISANCE_PARAMETERS
gamma_stat_SR__DNN_RUN2_bin_0  1 +0.0817895 -0.0817895
gamma_stat_SR__DNN_RUN2_bin_1  1 +0.100223 -0.100223
gamma_stat_SR__DNN_RUN2_bin_2  1 +0.114092 -0.114092
gamma_stat_SR__DNN_RUN2_bin_3  1 +0.164378 -0.164378
gamma_stat_SR__DNN_RUN2_bin_4  1 +0.122948 -0.122948
gamma_stat_SR__DNN_RUN3_bin_0  1 +0.0687688 -0.0687688
gamma_stat_SR__DNN_RUN3_bin_1  1 +0.0745888 -0.0745888
gamma_stat_SR__DNN_RUN3_bin_2  1 +0.10307 -0.10307
gamma_stat_SR__DNN_RUN3_bin_3  1 +0.0801176 -0.0801176
gamma_stat_SR__DNN_RUN3_bin_4  1 +0.121574 -0.121574
gamma_stat_SR__DNN_RUN3_bin_5  1 +0.141231 -0.141231
gamma_stat_SR__DNN_RUN3_bin_6  1 +0.159349 -0.159349
mu_XS_hh  1 +8.21751 -6.34566


CORRELATION_MATRIX
13   13
-0.0101793   0.00184456   0.0010372   0.000702787   0.000299286   0.000229701   0.000110681   8.28871e-05   0.00153642   0.000901284   0.000487555   0.000469994   1   
-0.0461716   0.00836663   0.00470457   0.00318772   0.00135751   0.00104188   0.00050203   0.000375962   0.00696895   0.00408807   0.00221147   1   0.000469994   
-0.0478968   0.00867925   0.00488036   0.00330683   0.00140823   0.00108081   0.000520788   0.00039001   0.00722988   0.00424082   1   0.00221147   0.000487555   
-0.0885409   0.0160443   0.00902173   0.00611294   0.00260323   0.00199797   0.000962718   0.000720964   0.0133646   1   0.00424082   0.00408807   0.000901284   
-0.150936   0.0273507   0.0153794   0.0104207   0.00443773   0.00340595   0.00164115   0.00122903   1   0.0133646   0.00722988   0.00696895   0.00153642   
-0.00814272   0.00147552   0.000829689   0.00056218   0.000239407   0.000183745   8.85369e-05   1   0.00122903   0.000720964   0.00039001   0.000375962   8.28871e-05   
-0.0108731   0.00197029   0.00110682   0.000750691   0.000319686   0.000245358   1   8.85369e-05   0.00164115   0.000962718   0.000520788   0.00050203   0.000110681   
-0.0225655   0.00408904   0.00229928   0.00155794   0.000663458   1   0.000245358   0.000183745   0.00340595   0.00199797   0.00108081   0.00104188   0.000229701   
-0.0294014   0.00532669   0.00299473   0.0020299   1   0.000663458   0.000319686   0.000239407   0.00443773   0.00260323   0.00140823   0.00135751   0.000299286   
-0.0690408   0.0125096   0.00703372   1   0.0020299   0.00155794   0.000750691   0.00056218   0.0104207   0.00611294   0.00330683   0.00318772   0.000702787   
-0.101893   0.0184628   1   0.00703372   0.00299473   0.00229928   0.00110682   0.000829689   0.0153794   0.00902173   0.00488036   0.00470457   0.0010372   
-0.181207   1   0.0184628   0.0125096   0.00532669   0.00408904   0.00197029   0.00147552   0.0273507   0.0160443   0.00867925   0.00836663   0.00184456   
1   -0.181207   -0.101893   -0.0690408   -0.0294014   -0.0225655   -0.0108731   -0.00814272   -0.150936   -0.0885409   -0.0478968   -0.0461716   -0.0101793   


NLL
368.42793

