NUISANCE_PARAMETERS
gamma_stat_SR__XGB_RUN2_bin_0  1 +0.162176 -0.162176
gamma_stat_SR__XGB_RUN2_bin_1  1 +0.115889 -0.115889
gamma_stat_SR__XGB_RUN2_bin_2  1 +0.101309 -0.101309
gamma_stat_SR__XGB_RUN2_bin_3  1 +0.0935086 -0.0935086
gamma_stat_SR__XGB_RUN2_bin_4  1 +0.176151 -0.176151
gamma_stat_SR__XGB_RUN2_bin_5  1 +0.175984 -0.175984
mu_XS_hh  1 +11.8517 -8.01935


CORRELATION_MATRIX
7   7
-0.00712345   0.00204571   0.00102665   0.000356349   0.000395051   0.000103136   1   
-0.0144784   0.00415792   0.00208682   0.000724281   0.000802943   1   0.000103136   
-0.0554579   0.0159264   0.00799375   0.00277427   1   0.000802943   0.000395051   
-0.0500248   0.0143661   0.00721061   1   0.00277427   0.000724281   0.000356349   
-0.144144   0.0413953   1   0.00721061   0.00799375   0.00208682   0.00102665   
-0.28718   1   0.0413953   0.0143661   0.0159264   0.00415792   0.00204571   
1   -0.28718   -0.144144   -0.0500248   -0.0554579   -0.0144784   -0.00712345   


NLL
28.67447

