NUISANCE_PARAMETERS
gamma_stat_SR__DNN_COMBINED_bin_0  0.874555 +0.0744507 -0.0744507
gamma_stat_SR__DNN_COMBINED_bin_1  0.836896 +0.0641383 -0.0641383
gamma_stat_SR__DNN_COMBINED_bin_2  0.665367 +0.072873 -0.072873
gamma_stat_SR__DNN_COMBINED_bin_3  0.668681 +0.0775106 -0.0775106
gamma_stat_SR__DNN_COMBINED_bin_4  0.92962 +0.072875 -0.072875
gamma_stat_SR__DNN_COMBINED_bin_5  0.899944 +0.0751168 -0.0751168
gamma_stat_SR__DNN_COMBINED_bin_6  0.957668 +0.118334 -0.118334
gamma_stat_SR__DNN_COMBINED_bin_7  1.06553 +0.167767 -0.167767
gamma_stat_SR__GNN_COMBINED_bin_0  0.80705 +0.0728596 -0.0728596
gamma_stat_SR__GNN_COMBINED_bin_1  0.869548 +0.0830263 -0.0830263
gamma_stat_SR__GNN_COMBINED_bin_2  0.872797 +0.065392 -0.065392
gamma_stat_SR__GNN_COMBINED_bin_3  0.769013 +0.0716856 -0.0716856
gamma_stat_SR__GNN_COMBINED_bin_4  0.567052 +0.0756236 -0.0756236
gamma_stat_SR__GNN_COMBINED_bin_5  0.929791 +0.0914737 -0.0914737
gamma_stat_SR__GNN_COMBINED_bin_6  0.943138 +0.0853018 -0.0853018
gamma_stat_SR__GNN_COMBINED_bin_7  1.00578 +0.130393 -0.130393
gamma_stat_SR__MLP_COMBINED_bin_0  0.909845 +0.0658312 -0.0658312
gamma_stat_SR__MLP_COMBINED_bin_1  0.870785 +0.0609725 -0.0609725
gamma_stat_SR__MLP_COMBINED_bin_2  0.864231 +0.0551046 -0.0551046
gamma_stat_SR__MLP_COMBINED_bin_3  0.825138 +0.0880261 -0.0880261
gamma_stat_SR__MLP_COMBINED_bin_4  0.598649 +0.0777987 -0.0777987
gamma_stat_SR__MLP_COMBINED_bin_5  0.917412 +0.0757239 -0.0757239
gamma_stat_SR__MLP_COMBINED_bin_6  1.06687 +0.141644 -0.141644
gamma_stat_SR__MLP_COMBINED_bin_7  0.957209 +0.161434 -0.161434
gamma_stat_SR__PNN_COMBINED_bin_0  0.897372 +0.0704438 -0.0704438
gamma_stat_SR__PNN_COMBINED_bin_1  0.673186 +0.0686649 -0.0686649
gamma_stat_SR__PNN_COMBINED_bin_2  0.831338 +0.0595739 -0.0595739
gamma_stat_SR__PNN_COMBINED_bin_3  0.797778 +0.0682108 -0.0682108
gamma_stat_SR__PNN_COMBINED_bin_4  0.820861 +0.0733735 -0.0733735
gamma_stat_SR__PNN_COMBINED_bin_5  0.898718 +0.0837255 -0.0837255
gamma_stat_SR__PNN_COMBINED_bin_6  1.04499 +0.0951921 -0.0951921
gamma_stat_SR__PNN_COMBINED_bin_7  0.993411 +0.140983 -0.140983
gamma_stat_SR__XGB_COMBINED_bin_0  0.708365 +0.068303 -0.068303
gamma_stat_SR__XGB_COMBINED_bin_1  0.625068 +0.0636364 -0.0636364
gamma_stat_SR__XGB_COMBINED_bin_2  0.891263 +0.060409 -0.060409
gamma_stat_SR__XGB_COMBINED_bin_3  0.642626 +0.0707885 -0.0707885
gamma_stat_SR__XGB_COMBINED_bin_4  0.880097 +0.065193 -0.065193
gamma_stat_SR__XGB_COMBINED_bin_5  0.956805 +0.0827524 -0.0827524
gamma_stat_SR__XGB_COMBINED_bin_6  0.96323 +0.0971592 -0.0971592
gamma_stat_SR__XGB_COMBINED_bin_7  1.07422 +0.133149 -0.133149
mu_XS_hh  -0.988204 +2.6287 -2.25554


CORRELATION_MATRIX
41   41
-0.00272334   0.000239326   0.000128027   9.01145e-05   4.40352e-05   2.7421e-05   1.45082e-05   7.76585e-06   5.69519e-06   0.000192346   0.000119535   8.90928e-05   5.30699e-05   3.53792e-05   1.79582e-05   1.41714e-05   1.24066e-05   0.000253843   0.00018287   8.06628e-05   5.90465e-05   3.73775e-05   1.34005e-05   1.09594e-05   5.47207e-06   0.000171333   0.000103276   9.72171e-05   6.17393e-05   3.72258e-05   2.27629e-05   2.27665e-05   9.01362e-06   0.000281761   0.000150371   7.67123e-05   5.30688e-05   2.84407e-05   1.81244e-05   1.16667e-05   1   
-0.00428397   0.000376473   0.000201395   0.000141755   6.92698e-05   4.31349e-05   2.28222e-05   1.22161e-05   8.95885e-06   0.000302571   0.000188036   0.000140148   8.3482e-05   5.56534e-05   2.82493e-05   2.22924e-05   1.95163e-05   0.00039931   0.000287665   0.000126887   9.28836e-05   5.87969e-05   2.10798e-05   1.72397e-05   8.60788e-06   0.000269516   0.000162459   0.000152928   9.71195e-05   5.85584e-05   3.58073e-05   3.58131e-05   1.41789e-05   0.000443226   0.000236543   0.000120673   8.34802e-05   4.47388e-05   2.85107e-05   1   1.16667e-05   
-0.0066552   0.000584856   0.000312869   0.000220219   0.000107612   6.70106e-05   3.54546e-05   1.89779e-05   1.39177e-05   0.000470048   0.000292116   0.000217722   0.00012969   8.64583e-05   4.38856e-05   3.46315e-05   3.03188e-05   0.000620333   0.000446891   0.000197121   0.000144296   9.13418e-05   3.27478e-05   2.67822e-05   1.33725e-05   0.000418696   0.000252382   0.000237576   0.000150876   9.09712e-05   5.56271e-05   5.54537e-05   2.20272e-05   0.000688558   0.000367472   0.000187467   0.000129688   6.95024e-05   1   2.85107e-05   1.81244e-05   
-0.0104433   0.000917754   0.000490953   0.000345566   0.000168864   0.000105153   5.56352e-05   2.97801e-05   2.18396e-05   0.000737598   0.000458387   0.000341648   0.00020351   0.00013567   6.88652e-05   5.43437e-05   4.75762e-05   0.000973424   0.00070126   0.000309322   0.000226429   0.000143333   5.13877e-05   4.20265e-05   2.0984e-05   0.000657017   0.000396038   0.000372803   0.000236755   0.000142752   8.72899e-05   8.73039e-05   3.45649e-05   0.00108048   0.000576637   0.000294537   0.000203505   1   6.95024e-05   4.47388e-05   2.84407e-05   
-0.0194867   0.00171248   0.000916092   0.000644808   0.000315091   0.000196209   0.000103812   5.5568e-05   4.07515e-05   0.00137632   0.000855325   0.000637497   0.000379738   0.000253153   0.000128499   0.000101402   8.87746e-05   0.00181636   0.00130851   0.000577177   0.000422503   0.000267452   9.58867e-05   7.84191e-05   3.9155e-05   0.00122596   0.000738985   0.00069563   0.000441771   0.000266367   0.000162878   0.000162904   6.44963e-05   0.00201612   0.00107597   0.00054891   1   0.000203505   0.000129688   8.34802e-05   5.30688e-05   
-0.0281685   0.00247543   0.00132423   0.000932087   0.000455472   0.000283626   0.000150063   8.0325e-05   5.89074e-05   0.0019895   0.00123639   0.000921519   0.000548921   0.000365939   0.000185748   0.00014658   0.000128326   0.00262559   0.00189149   0.000834325   0.00061074   0.000386609   0.000138607   0.000113357   5.65996e-05   0.00177215   0.00106822   0.00100555   0.000638592   0.00038504   0.000235445   0.000235483   9.32311e-05   0.00291436   0.00155535   1   0.00054891   0.000294537   0.000187467   0.000120673   7.67123e-05   
-0.0552158   0.00485234   0.00259576   0.00182708   0.000892815   0.000555963   0.000294154   0.000157453   0.00011547   0.00389982   0.00242358   0.00180636   0.001076   0.000717314   0.000364104   0.000287326   0.000251545   0.00514668   0.0037077   0.00163544   0.00119717   0.000757831   0.000271697   0.000222202   0.000110947   0.00347377   0.00209393   0.00197108   0.00125177   0.000754756   0.000461518   0.000461593   0.000182751   0.00571272   1   0.00155535   0.00107597   0.000576637   0.000367472   0.000236543   0.000150371   
-0.103462   0.00909215   0.00486386   0.00342351   0.00167293   0.00104175   0.000551176   0.00029503   0.000216364   0.00730736   0.00454122   0.0033847   0.00201616   0.00134408   0.000682245   0.000538381   0.000471336   0.00964368   0.00694736   0.00306444   0.00224322   0.00142   0.000509096   0.000416355   0.000207888   0.00650905   0.00392353   0.00369335   0.00234552   0.00141424   0.000864778   0.000864917   0.000342434   1   0.00571272   0.00291436   0.00201612   0.00108048   0.000688558   0.000443226   0.000281761   
-0.00330977   0.000290861   0.000155596   0.000109519   5.35174e-05   3.33257e-05   1.76323e-05   9.4381e-06   6.92155e-06   0.000233765   0.000145275   0.000108277   6.44977e-05   4.29975e-05   2.18252e-05   1.7223e-05   1.50782e-05   0.000308504   0.000222248   9.80323e-05   7.17613e-05   4.54261e-05   1.62861e-05   1.33193e-05   6.6504e-06   0.000208226   0.000124786   0.000118151   7.43045e-05   4.45124e-05   2.76645e-05   2.76689e-05   1   0.000342434   0.000182751   9.32311e-05   6.44963e-05   3.45649e-05   2.20272e-05   1.41789e-05   9.01362e-06   
-0.00835979   0.000734654   0.000393004   0.000276623   0.000135174   8.41739e-05   4.45355e-05   2.38387e-05   1.74824e-05   0.000590441   0.000366935   0.000273487   0.000162908   0.000108603   5.5126e-05   4.35017e-05   3.80844e-05   0.000779218   0.000561353   0.000247609   0.000181254   0.000114737   4.11354e-05   3.36418e-05   1.67975e-05   0.000525937   0.000317025   0.000298426   0.00018952   0.000114272   6.98748e-05   1   2.76689e-05   0.000864917   0.000461593   0.000235483   0.000162904   8.73039e-05   5.54537e-05   3.58131e-05   2.27665e-05   
-0.00835844   0.000734536   0.00039294   0.000276578   0.000135152   8.41604e-05   4.45283e-05   2.38349e-05   1.74796e-05   0.000590346   0.000366876   0.000273443   0.000162882   0.000108585   5.51171e-05   4.34947e-05   3.80782e-05   0.000779092   0.000561262   0.000247569   0.000181225   0.000114719   4.11288e-05   3.36364e-05   1.67948e-05   0.000525852   0.000316245   0.000298378   0.00018876   0.000113524   1   6.98748e-05   2.76645e-05   0.000864778   0.000461518   0.000235445   0.000162878   8.72899e-05   5.56271e-05   3.58073e-05   2.27629e-05   
-0.0136692   0.00120124   0.000642605   0.000452309   0.000221025   0.000137634   7.28205e-05   3.89789e-05   2.85857e-05   0.000965437   0.000599979   0.000447181   0.000266373   0.000177578   9.01372e-05   7.11301e-05   6.22722e-05   0.00127411   0.000917875   0.000404869   0.000296371   0.000187608   6.7261e-05   5.50082e-05   2.74658e-05   0.000859237   0.000517642   0.00048723   0.000309157   1   0.000113524   0.000114272   4.45124e-05   0.00141424   0.000754756   0.00038504   0.000266367   0.000142752   9.09712e-05   5.85584e-05   3.72258e-05   
-0.0226704   0.00199227   0.00106577   0.000750158   0.000366571   0.000228267   0.000120773   6.46468e-05   4.74096e-05   0.00160118   0.00099507   0.000741653   0.000441781   0.000294514   0.000149493   0.00011797   0.000103279   0.00211312   0.0015223   0.000671478   0.000491533   0.000311149   0.000111553   9.12314e-05   4.55523e-05   0.00142553   0.000858993   0.000808555   1   0.000309157   0.00018876   0.00018952   7.43045e-05   0.00234552   0.00125177   0.000638592   0.000441771   0.000236755   0.000150876   9.71195e-05   6.17393e-05   
-0.0356978   0.0031371   0.0016782   0.00118123   0.000577217   0.000359438   0.000190174   0.000101795   7.4653e-05   0.00252129   0.00156688   0.00116784   0.000695645   0.000463753   0.000235398   0.00018576   0.000162627   0.0033274   0.00239708   0.00105734   0.000773987   0.000489948   0.000175656   0.000143657   7.17284e-05   0.00224584   0.00135302   1   0.000808555   0.00048723   0.000298378   0.000298426   0.000118151   0.00369335   0.00197108   0.00100555   0.00069563   0.000372803   0.000237576   0.000152928   9.72171e-05   
-0.0379226   0.00333262   0.00178279   0.00125485   0.000613191   0.000381839   0.000202027   0.00010814   7.93057e-05   0.00267842   0.00166453   0.00124062   0.000739001   0.000492656   0.000250069   0.000197337   0.000172762   0.00353478   0.00254647   0.00112323   0.000822225   0.000520483   0.000186603   0.00015261   7.61988e-05   0.00238508   1   0.00135302   0.000858993   0.000517642   0.000316245   0.000317025   0.000124786   0.00392353   0.00209393   0.00106822   0.000738985   0.000396038   0.000252382   0.000162459   0.000103276   
-0.0629127   0.00552873   0.0029576   0.00208176   0.00101727   0.000633462   0.000335158   0.000179401   0.000131566   0.00444344   0.00276142   0.00205816   0.00122598   0.000817304   0.000414858   0.000327378   0.000286609   0.00586411   0.00422453   0.00186342   0.00136405   0.000863469   0.00030957   0.000253176   0.000126412   1   0.00238508   0.00224584   0.00142553   0.000859237   0.000525852   0.000525937   0.000208226   0.00650905   0.00347377   0.00177215   0.00122596   0.000657017   0.000418696   0.000269516   0.000171333   
-0.00200933   0.000176578   9.44608e-05   6.6488e-05   3.24899e-05   2.02317e-05   1.07044e-05   5.72977e-06   4.202e-06   0.000141916   8.8195e-05   6.57342e-05   3.91559e-05   2.61033e-05   1.32499e-05   1.04559e-05   9.1538e-06   0.000187653   0.000135288   5.9879e-05   4.39301e-05   2.79424e-05   1.02519e-05   8.45073e-06   1   0.000126412   7.61988e-05   7.17284e-05   4.55523e-05   2.74658e-05   1.67948e-05   1.67975e-05   6.6504e-06   0.000207888   0.000110947   5.65996e-05   3.9155e-05   2.0984e-05   1.33725e-05   8.60788e-06   5.47207e-06   
-0.00402425   0.000353649   0.000189185   0.000133161   6.50702e-05   4.05198e-05   2.14386e-05   1.14755e-05   8.41571e-06   0.000284227   0.000176636   0.000131651   7.84208e-05   5.22794e-05   2.65366e-05   2.09409e-05   1.83331e-05   0.000375464   0.000270225   0.000119559   8.72524e-05   5.5597e-05   2.01666e-05   1   8.45073e-06   0.000253176   0.00015261   0.000143657   9.12314e-05   5.50082e-05   3.36364e-05   3.36418e-05   1.33193e-05   0.000416355   0.000222202   0.000113357   7.84191e-05   4.20265e-05   2.67822e-05   1.72397e-05   1.09594e-05   
-0.00492063   0.000432423   0.000231325   0.000162822   7.95644e-05   4.95454e-05   2.62139e-05   1.40316e-05   1.02903e-05   0.000347538   0.00021598   0.000160976   9.58887e-05   6.39244e-05   3.24476e-05   2.56054e-05   2.24167e-05   0.000459017   0.000330416   0.000146109   0.000106687   6.78998e-05   1   2.01666e-05   1.02519e-05   0.00030957   0.000186603   0.000175656   0.000111553   6.7261e-05   4.11288e-05   4.11354e-05   1.62861e-05   0.000509096   0.000271697   0.000138607   9.58867e-05   5.13877e-05   3.27478e-05   2.10798e-05   1.34005e-05   
-0.0137249   0.00120614   0.000645223   0.000454152   0.000221925   0.000138195   7.31172e-05   3.91377e-05   2.87022e-05   0.000969371   0.000602424   0.000449003   0.000267458   0.000178301   9.05044e-05   7.14199e-05   6.25259e-05   0.00127966   0.000921978   0.000406883   0.000297943   1   6.78998e-05   5.5597e-05   2.79424e-05   0.000863469   0.000520483   0.000489948   0.000311149   0.000187608   0.000114719   0.000114737   4.54261e-05   0.00142   0.000757831   0.000386609   0.000267452   0.000143333   9.13418e-05   5.87969e-05   3.73775e-05   
-0.0216817   0.00190537   0.00101928   0.00071744   0.000350583   0.000218311   0.000115506   6.18273e-05   4.53418e-05   0.00153135   0.00095167   0.000709306   0.000422512   0.000281669   0.000142973   0.000112825   9.87743e-05   0.00202095   0.00145591   0.000642191   1   0.000297943   0.000106687   8.72524e-05   4.39301e-05   0.00136405   0.000822225   0.000773987   0.000491533   0.000296371   0.000181225   0.000181254   7.17613e-05   0.00224322   0.00119717   0.00061074   0.000422503   0.000226429   0.000144296   9.28836e-05   5.90465e-05   
-0.0296191   0.00260291   0.00139243   0.000980087   0.000478928   0.000298232   0.000157791   8.44616e-05   6.1941e-05   0.00209196   0.00130007   0.000968975   0.00057719   0.000384785   0.000195314   0.000154128   0.000134935   0.00276117   0.00198926   1   0.000642191   0.000406883   0.000146109   0.000119559   5.9879e-05   0.00186342   0.00112323   0.00105734   0.000671478   0.000404869   0.000247569   0.000247609   9.80323e-05   0.00306444   0.00163544   0.000834325   0.000577177   0.000309322   0.000197121   0.000126887   8.06628e-05   
-0.0671492   0.00590104   0.00315676   0.00222195   0.00108577   0.000676119   0.000357727   0.000191482   0.000140426   0.00474266   0.00294737   0.00219675   0.00130854   0.000872341   0.000442794   0.000349423   0.000305909   0.00625899   1   0.00198926   0.00145591   0.000921978   0.000330416   0.000270225   0.000135288   0.00422453   0.00254647   0.00239708   0.0015223   0.000917875   0.000561262   0.000561353   0.000222248   0.00694736   0.0037077   0.00189149   0.00130851   0.00070126   0.000446891   0.000287665   0.00018287   
-0.0932103   0.00819127   0.00438193   0.0030843   0.00150717   0.000938525   0.000496564   0.000265798   0.000194926   0.00658332   0.00409126   0.00304933   0.0018164   0.0012109   0.000614646   0.000485037   0.000424634   1   0.00625899   0.00276117   0.00202095   0.00127966   0.000459017   0.000375464   0.000187653   0.00586411   0.00353478   0.0033274   0.00211312   0.00127411   0.000779092   0.000779218   0.000308504   0.00964368   0.00514668   0.00262559   0.00181636   0.000973424   0.000620333   0.00039931   0.000253843   
-0.00455566   0.000400349   0.000214167   0.000150745   7.3663e-05   4.58705e-05   2.42696e-05   1.29909e-05   9.52703e-06   0.00032176   0.000199961   0.000148672   8.91412e-05   5.95477e-05   3.00409e-05   2.37062e-05   1   0.000424634   0.000305909   0.000134935   9.87743e-05   6.25259e-05   2.24167e-05   1.83331e-05   9.1538e-06   0.000286609   0.000172762   0.000162627   0.000103279   6.22722e-05   3.80782e-05   3.80844e-05   1.50782e-05   0.000471336   0.000251545   0.000128326   8.87746e-05   4.75762e-05   3.03188e-05   1.95163e-05   1.24066e-05   
-0.00520368   0.000457297   0.000244631   0.000172188   8.41412e-05   5.23954e-05   2.77218e-05   1.48388e-05   1.08822e-05   0.000367529   0.000228404   0.000169872   0.000101769   6.79662e-05   3.43141e-05   1   2.37062e-05   0.000485037   0.000349423   0.000154128   0.000112825   7.14199e-05   2.56054e-05   2.09409e-05   1.04559e-05   0.000327378   0.000197337   0.00018576   0.00011797   7.11301e-05   4.34947e-05   4.35017e-05   1.7223e-05   0.000538381   0.000287326   0.00014658   0.000101402   5.43437e-05   3.46315e-05   2.22924e-05   1.41714e-05   
-0.00659419   0.000579494   0.000310001   0.0002182   0.000106625   6.63963e-05   3.51295e-05   1.88039e-05   1.37901e-05   0.000466103   0.000289438   0.000215726   0.000128866   8.60305e-05   1   3.43141e-05   3.00409e-05   0.000614646   0.000442794   0.000195314   0.000142973   9.05044e-05   3.24476e-05   2.65366e-05   1.32499e-05   0.000414858   0.000250069   0.000235398   0.000149493   9.01372e-05   5.51171e-05   5.5126e-05   2.18252e-05   0.000682245   0.000364104   0.000185748   0.000128499   6.88652e-05   4.38856e-05   2.82493e-05   1.79582e-05   
-0.0129911   0.00114165   0.000610727   0.000429871   0.00021006   0.000130806   6.92081e-05   3.70453e-05   2.71676e-05   0.000917908   0.00057058   0.000424998   0.000253523   1   8.60305e-05   6.79662e-05   5.95477e-05   0.0012109   0.000872341   0.000384785   0.000281669   0.000178301   6.39244e-05   5.22794e-05   2.61033e-05   0.000817304   0.000492656   0.000463753   0.000294514   0.000177578   0.000108585   0.000108603   4.29975e-05   0.00134408   0.000717314   0.000365939   0.000253153   0.00013567   8.64583e-05   5.56534e-05   3.53792e-05   
-0.0194871   0.00171251   0.000916111   0.000644822   0.000315097   0.000196214   0.000103814   5.55692e-05   4.07524e-05   0.00137671   0.000855708   0.000637511   1   0.000253523   0.000128866   0.000101769   8.91412e-05   0.0018164   0.00130854   0.00057719   0.000422512   0.000267458   9.58887e-05   7.84208e-05   3.91559e-05   0.00122598   0.000739001   0.000695645   0.000441781   0.000266373   0.000162882   0.000162908   6.44977e-05   0.00201616   0.001076   0.000548921   0.000379738   0.00020351   0.00012969   8.3482e-05   5.30699e-05   
-0.0327145   0.00287494   0.00153795   0.00108251   0.000528979   0.0003294   0.000174282   9.32885e-05   6.84143e-05   0.00231059   0.00143593   1   0.000637511   0.000424998   0.000215726   0.000169872   0.000148672   0.00304933   0.00219675   0.000968975   0.000709306   0.000449003   0.000160976   0.000131651   6.57342e-05   0.00205816   0.00124062   0.00116784   0.000741653   0.000447181   0.000273443   0.000273487   0.000108277   0.0033847   0.00180636   0.000921519   0.000637497   0.000341648   0.000217722   0.000140148   8.90928e-05   
-0.0438928   0.00385728   0.00206346   0.0014524   0.000709728   0.000441953   0.000233832   0.000125164   9.1791e-05   0.0031001   1   0.00143593   0.000855708   0.00057058   0.000289438   0.000228404   0.000199961   0.00409126   0.00294737   0.00130007   0.00095167   0.000602424   0.00021598   0.000176636   8.8195e-05   0.00276142   0.00166453   0.00156688   0.00099507   0.000599979   0.000366876   0.000366935   0.000145275   0.00454122   0.00242358   0.00123639   0.000855325   0.000458387   0.000292116   0.000188036   0.000119535   
-0.0706287   0.00620682   0.00332034   0.00233708   0.00114203   0.000711154   0.000376264   0.000201404   0.000147702   1   0.0031001   0.00231059   0.00137671   0.000917908   0.000466103   0.000367529   0.00032176   0.00658332   0.00474266   0.00209196   0.00153135   0.000969371   0.000347538   0.000284227   0.000141916   0.00444344   0.00267842   0.00252129   0.00160118   0.000965437   0.000590346   0.000590441   0.000233765   0.00730736   0.00389982   0.0019895   0.00137632   0.000737598   0.000470048   0.000302571   0.000192346   
-0.00209125   0.000183778   9.86767e-05   6.91989e-05   3.41793e-05   2.10566e-05   1.11408e-05   6.32813e-06   1   0.000147702   9.1791e-05   6.84143e-05   4.07524e-05   2.71676e-05   1.37901e-05   1.08822e-05   9.52703e-06   0.000194926   0.000140426   6.1941e-05   4.53418e-05   2.87022e-05   1.02903e-05   8.41571e-06   4.202e-06   0.000131566   7.93057e-05   7.4653e-05   4.74096e-05   2.85857e-05   1.74796e-05   1.74824e-05   6.92155e-06   0.000216364   0.00011547   5.89074e-05   4.07515e-05   2.18396e-05   1.39177e-05   8.95885e-06   5.69519e-06   
-0.00285159   0.000250596   0.000134421   9.43583e-05   4.64736e-05   2.87124e-05   1.51914e-05   1   6.32813e-06   0.000201404   0.000125164   9.32885e-05   5.55692e-05   3.70453e-05   1.88039e-05   1.48388e-05   1.29909e-05   0.000265798   0.000191482   8.44616e-05   6.18273e-05   3.91377e-05   1.40316e-05   1.14755e-05   5.72977e-06   0.000179401   0.00010814   0.000101795   6.46468e-05   3.89789e-05   2.38349e-05   2.38387e-05   9.4381e-06   0.00029503   0.000157453   8.0325e-05   5.5568e-05   2.97801e-05   1.89779e-05   1.22161e-05   7.76585e-06   
-0.00532735   0.000468165   0.000250445   0.00017628   8.61408e-05   5.36406e-05   1   1.51914e-05   1.11408e-05   0.000376264   0.000233832   0.000174282   0.000103814   6.92081e-05   3.51295e-05   2.77218e-05   2.42696e-05   0.000496564   0.000357727   0.000157791   0.000115506   7.31172e-05   2.62139e-05   2.14386e-05   1.07044e-05   0.000335158   0.000202027   0.000190174   0.000120773   7.28205e-05   4.45283e-05   4.45355e-05   1.76323e-05   0.000551176   0.000294154   0.000150063   0.000103812   5.56352e-05   3.54546e-05   2.28222e-05   1.45082e-05   
-0.0100689   0.000884851   0.000473352   0.000333177   0.00016281   1   5.36406e-05   2.87124e-05   2.10566e-05   0.000711154   0.000441953   0.0003294   0.000196214   0.000130806   6.63963e-05   5.23954e-05   4.58705e-05   0.000938525   0.000676119   0.000298232   0.000218311   0.000138195   4.95454e-05   4.05198e-05   2.02317e-05   0.000633462   0.000381839   0.000359438   0.000228267   0.000137634   8.41604e-05   8.41739e-05   3.33257e-05   0.00104175   0.000555963   0.000283626   0.000196209   0.000105153   6.70106e-05   4.31349e-05   2.7421e-05   
-0.0161696   0.00142097   0.00076015   0.000535046   1   0.00016281   8.61408e-05   4.64736e-05   3.41793e-05   0.00114203   0.000709728   0.000528979   0.000315097   0.00021006   0.000106625   8.41412e-05   7.3663e-05   0.00150717   0.00108577   0.000478928   0.000350583   0.000221925   7.95644e-05   6.50702e-05   3.24899e-05   0.00101727   0.000613191   0.000577217   0.000366571   0.000221025   0.000135152   0.000135174   5.35174e-05   0.00167293   0.000892815   0.000455472   0.000315091   0.000168864   0.000107612   6.92698e-05   4.40352e-05   
-0.0330897   0.00290791   0.00155559   1   0.000535046   0.000333177   0.00017628   9.43583e-05   6.91989e-05   0.00233708   0.0014524   0.00108251   0.000644822   0.000429871   0.0002182   0.000172188   0.000150745   0.0030843   0.00222195   0.000980087   0.00071744   0.000454152   0.000162822   0.000133161   6.6488e-05   0.00208176   0.00125485   0.00118123   0.000750158   0.000452309   0.000276578   0.000276623   0.000109519   0.00342351   0.00182708   0.000932087   0.000644808   0.000345566   0.000220219   0.000141755   9.01145e-05   
-0.0470112   0.00413132   1   0.00155559   0.00076015   0.000473352   0.000250445   0.000134421   9.86767e-05   0.00332034   0.00206346   0.00153795   0.000916111   0.000610727   0.000310001   0.000244631   0.000214167   0.00438193   0.00315676   0.00139243   0.00101928   0.000645223   0.000231325   0.000189185   9.44608e-05   0.0029576   0.00178279   0.0016782   0.00106577   0.000642605   0.00039294   0.000393004   0.000155596   0.00486386   0.00259576   0.00132423   0.000916092   0.000490953   0.000312869   0.000201395   0.000128027   
-0.0878795   1   0.00413132   0.00290791   0.00142097   0.000884851   0.000468165   0.000250596   0.000183778   0.00620682   0.00385728   0.00287494   0.00171251   0.00114165   0.000579494   0.000457297   0.000400349   0.00819127   0.00590104   0.00260291   0.00190537   0.00120614   0.000432423   0.000353649   0.000176578   0.00552873   0.00333262   0.0031371   0.00199227   0.00120124   0.000734536   0.000734654   0.000290861   0.00909215   0.00485234   0.00247543   0.00171248   0.000917754   0.000584856   0.000376473   0.000239326   
1   -0.0878795   -0.0470112   -0.0330897   -0.0161696   -0.0100689   -0.00532735   -0.00285159   -0.00209125   -0.0706287   -0.0438928   -0.0327145   -0.0194871   -0.0129911   -0.00659419   -0.00520368   -0.00455566   -0.0932103   -0.0671492   -0.0296191   -0.0216817   -0.0137249   -0.00492063   -0.00402425   -0.00200933   -0.0629127   -0.0379226   -0.0356978   -0.0226704   -0.0136692   -0.00835844   -0.00835979   -0.00330977   -0.103462   -0.0552158   -0.0281685   -0.0194867   -0.0104433   -0.0066552   -0.00428397   -0.00272334   


NLL
2583.84849

