NUISANCE_PARAMETERS
gamma_stat_SR__GNN_RUN3_bin_0  1 +0.125737 -0.125737
gamma_stat_SR__GNN_RUN3_bin_1  1 +0.0922238 -0.0922238
gamma_stat_SR__GNN_RUN3_bin_2  1 +0.0713643 -0.0713643
gamma_stat_SR__GNN_RUN3_bin_3  1 +0.0899621 -0.0899621
gamma_stat_SR__GNN_RUN3_bin_4  1 +0.120236 -0.120236
gamma_stat_SR__GNN_RUN3_bin_5  1 +0.137696 -0.137696
gamma_stat_SR__GNN_RUN3_bin_6  1 +0.169731 -0.169731
gamma_stat_SR__GNN_RUN3_bin_7  1 +0.17768 -0.17768
mu_XS_hh  1 +24.0979 -19.3106


CORRELATION_MATRIX
9   9
-0.0295523   0.0105306   0.0112773   0.00638083   0.00433649   0.00234469   0.00129734   0.00104957   1   
-0.0355156   0.0126556   0.0135525   0.00766842   0.00521155   0.00281782   0.00155914   1   0.00104957   
-0.0439   0.0156433   0.016752   0.00947875   0.00644187   0.00348305   1   0.00155914   0.00129734   
-0.0793404   0.0282721   0.0302761   0.0171309   0.0116424   1   0.00348305   0.00281782   0.00234469   
-0.14674   0.052289   0.0559955   0.0316835   1   0.0116424   0.00644187   0.00521155   0.00433649   
-0.215917   0.0769395   0.0823936   1   0.0316835   0.0171309   0.00947875   0.00766842   0.00638083   
-0.3816   0.135978   1   0.0823936   0.0559955   0.0302761   0.016752   0.0135525   0.0112773   
-0.356339   1   0.135978   0.0769395   0.052289   0.0282721   0.0156433   0.0126556   0.0105306   
1   -0.356339   -0.3816   -0.215917   -0.14674   -0.0793404   -0.0439   -0.0355156   -0.0295523   


NLL
41.59952

