NUISANCE_PARAMETERS
gamma_stat_SR__GNN_RUN2_bin_0  1 +0.0966849 -0.0966849
gamma_stat_SR__GNN_RUN2_bin_1  1 +0.106409 -0.106409
gamma_stat_SR__GNN_RUN2_bin_2  1 +0.100699 -0.100699
gamma_stat_SR__GNN_RUN2_bin_3  1 +0.104369 -0.104369
gamma_stat_SR__GNN_RUN2_bin_4  1 +0.142199 -0.142199
gamma_stat_SR__GNN_RUN2_bin_5  1 +0.173531 -0.173531
mu_XS_hh  1 +19.9344 -14.8165


CORRELATION_MATRIX
7   7
-0.0327215   0.00847356   0.00623526   0.00409754   0.00579566   0.00146   1   
-0.044619   0.0115545   0.00850244   0.0055874   0.00790295   1   0.00146   
-0.177121   0.0458672   0.033752   0.0221799   1   0.00790295   0.00579566   
-0.125225   0.0324282   0.0238627   1   0.0221799   0.0055874   0.00409754   
-0.19056   0.0493475   1   0.0238627   0.033752   0.00850244   0.00623526   
-0.25896   1   0.0493475   0.0324282   0.0458672   0.0115545   0.00847356   
1   -0.25896   -0.19056   -0.125225   -0.177121   -0.044619   -0.0327215   


NLL
30.02799

