NUISANCE_PARAMETERS
gamma_stat_SR__PNN_RUN2_bin_0  1 +0.116717 -0.116717
gamma_stat_SR__PNN_RUN2_bin_1  1 +0.142234 -0.142234
gamma_stat_SR__PNN_RUN2_bin_2  1 +0.110289 -0.110289
gamma_stat_SR__PNN_RUN2_bin_3  1 +0.170703 -0.170703
gamma_stat_SR__PNN_RUN2_bin_4  1 +0.13356 -0.13356
gamma_stat_SR__PNN_RUN2_bin_5  1 +0.124286 -0.124286
gamma_stat_SR__PNN_RUN3_bin_0  1 +0.130534 -0.130534
gamma_stat_SR__PNN_RUN3_bin_1  1 +0.138329 -0.138329
gamma_stat_SR__PNN_RUN3_bin_2  1 +0.123136 -0.123136
gamma_stat_SR__PNN_RUN3_bin_3  1 +0.127771 -0.127771
gamma_stat_SR__PNN_RUN3_bin_4  1 +0.116041 -0.116041
gamma_stat_SR__PNN_RUN3_bin_5  1 +0.15599 -0.15599
mu_XS_hh  1 +10.0468 -7.82203


CORRELATION_MATRIX
13   13
-0.00942418   0.00175315   0.000545514   0.00045241   0.000271058   0.000146343   0.00013166   0.00132597   0.000421969   0.000420316   0.000170769   0.000126584   1   
-0.0134615   0.00250381   0.000779612   0.000645825   0.000386781   0.000209435   0.000188343   0.00189442   0.000602462   0.00060066   0.000243647   1   0.000126584   
-0.0181203   0.00337005   0.0010497   0.000869054   0.000520359   0.000282196   0.000253149   0.00254976   0.000811338   0.000808719   1   0.000243647   0.000170769   
-0.0445997   0.00829571   0.00258267   0.00213998   0.00128173   0.000693607   0.000623079   0.00627672   0.00199696   1   0.000808719   0.00060066   0.000420316   
-0.0447751   0.00832777   0.00259339   0.00214784   0.00128621   0.000696893   0.000625529   0.00630085   1   0.00199696   0.000811338   0.000602462   0.000421969   
-0.140728   0.0261751   0.00815015   0.00675153   0.00404345   0.00218946   0.00196632   1   0.00630085   0.00627672   0.00254976   0.00189442   0.00132597   
-0.0139705   0.00259874   0.000808807   0.000670521   0.000401683   0.000217074   1   0.00196632   0.000625529   0.000623079   0.000253149   0.000188343   0.00013166   
-0.0155581   0.00289376   0.000901589   0.000746408   0.000447019   1   0.000217074   0.00218946   0.000696893   0.000693607   0.000282196   0.000209435   0.000146343   
-0.0287323   0.00534468   0.00166401   0.00137901   1   0.000447019   0.000401683   0.00404345   0.00128621   0.00128173   0.000520359   0.000386781   0.000271058   
-0.0479756   0.00892334   0.00277847   1   0.00137901   0.000746408   0.000670521   0.00675153   0.00214784   0.00213998   0.000869054   0.000645825   0.00045241   
-0.0579141   0.0107719   1   0.00277847   0.00166401   0.000901589   0.000808807   0.00815015   0.00259339   0.00258267   0.0010497   0.000779612   0.000545514   
-0.185997   1   0.0107719   0.00892334   0.00534468   0.00289376   0.00259874   0.0261751   0.00832777   0.00829571   0.00337005   0.00250381   0.00175315   
1   -0.185997   -0.0579141   -0.0479756   -0.0287323   -0.0155581   -0.0139705   -0.140728   -0.0447751   -0.0445997   -0.0181203   -0.0134615   -0.00942418   


NLL
133.74595

