NUISANCE_PARAMETERS
gamma_stat_SR__DNN_RUN2_bin_0  1 +0.159675 -0.159675
gamma_stat_SR__DNN_RUN2_bin_1  1 +0.155638 -0.155638
gamma_stat_SR__DNN_RUN2_bin_2  1 +0.1769 -0.1769
gamma_stat_SR__DNN_RUN2_bin_3  1 +0.165148 -0.165148
gamma_stat_SR__DNN_RUN2_bin_4  1 +0.155084 -0.155084
gamma_stat_SR__DNN_RUN2_bin_5  1 +0.165436 -0.165436
gamma_stat_SR__DNN_RUN3_bin_0  1 +0.1157 -0.1157
gamma_stat_SR__DNN_RUN3_bin_1  1 +0.132332 -0.132332
gamma_stat_SR__DNN_RUN3_bin_2  1 +0.148703 -0.148703
gamma_stat_SR__DNN_RUN3_bin_3  1 +0.101975 -0.101975
gamma_stat_SR__DNN_RUN3_bin_4  1 +0.180036 -0.180036
mu_XS_hh  1 +9.96473 -7.68375


CORRELATION_MATRIX
12   12
-0.00325584   0.00101807   0.000104812   6.71753e-05   3.40504e-05   2.66948e-05   0.000680745   0.00017185   0.000107227   7.17334e-05   2.46633e-05   1   
-0.00757512   0.00236866   0.000243859   0.000156292   7.92225e-05   6.21089e-05   0.00158311   0.000399088   0.000249478   0.000166897   1   2.46633e-05   
-0.0220322   0.00688927   0.000709264   0.000454575   0.000230419   0.000180644   0.00460449   0.00116075   0.000725608   1   0.000166897   7.17334e-05   
-0.0329339   0.0102981   0.00106021   0.000679501   0.000344431   0.000270027   0.00688312   0.00173541   1   0.000725608   0.000249478   0.000107227   
-0.0526841   0.0164738   0.00169601   0.00108699   0.000550984   0.000431961   0.0110107   1   0.00173541   0.00116075   0.000399088   0.00017185   
-0.208989   0.0653487   0.00672778   0.00431191   0.00218566   0.00171351   1   0.0110107   0.00688312   0.00460449   0.00158311   0.000680745   
-0.00819907   0.00256377   0.000263945   0.000169166   8.5748e-05   1   0.00171351   0.000431961   0.000270027   0.000180644   6.21089e-05   2.66948e-05   
-0.0104583   0.00327019   0.000336673   0.000215778   1   8.5748e-05   0.00218566   0.000550984   0.000344431   0.000230419   7.92225e-05   3.40504e-05   
-0.0206323   0.00645151   0.000664196   1   0.000215778   0.000169166   0.00431191   0.00108699   0.000679501   0.000454575   0.000156292   6.71753e-05   
-0.0321921   0.0100662   1   0.000664196   0.000336673   0.000263945   0.00672778   0.00169601   0.00106021   0.000709264   0.000243859   0.000104812   
-0.31269   1   0.0100662   0.00645151   0.00327019   0.00256377   0.0653487   0.0164738   0.0102981   0.00688927   0.00236866   0.00101807   
1   -0.31269   -0.0321921   -0.0206323   -0.0104583   -0.00819907   -0.208989   -0.0526841   -0.0329339   -0.0220322   -0.00757512   -0.00325584   


NLL
116.73697

