NUISANCE_PARAMETERS
gamma_stat_SR__MLP_RUN2_bin_0  1 +0.0477289 -0.0477289
gamma_stat_SR__MLP_RUN2_bin_1  1 +0.056413 -0.056413
gamma_stat_SR__MLP_RUN2_bin_2  1 +0.0939384 -0.0939384
gamma_stat_SR__MLP_RUN2_bin_3  1 +0.0659628 -0.0659628
gamma_stat_SR__MLP_RUN2_bin_4  1 +0.0511221 -0.0511221
gamma_stat_SR__MLP_RUN2_bin_5  1 +0.0847982 -0.0847982
gamma_stat_SR__MLP_RUN2_bin_6  1 +0.109379 -0.109379
gamma_stat_SR__MLP_RUN2_bin_7  1 +0.169076 -0.169076
mu_XS_hh  0.999996 +14.6113 -11.9801


CORRELATION_MATRIX
9   9
-0.011876   0.00388542   0.00248715   0.00170228   0.000748145   0.000692804   0.000527641   0.000254913   1   
-0.0214645   0.00702256   0.00449521   0.00307665   0.00135218   0.00125216   0.000953646   1   0.000254913   
-0.044429   0.0145361   0.00930457   0.00636832   0.00279886   0.00259182   1   0.000953646   0.000527641   
-0.0583362   0.0190862   0.0122171   0.00836174   0.00367496   1   0.00259182   0.00125216   0.000692804   
-0.0629961   0.0206109   0.013193   0.00902968   1   0.00367496   0.00279886   0.00135218   0.000748145   
-0.143337   0.0468967   0.0300184   1   0.00902968   0.00836174   0.00636832   0.00307665   0.00170228   
-0.209425   0.0685198   1   0.0300184   0.013193   0.0122171   0.00930457   0.00449521   0.00248715   
-0.327179   1   0.0685198   0.0468967   0.0206109   0.0190862   0.0145361   0.00702256   0.00388542   
1   -0.327179   -0.209425   -0.143337   -0.0629961   -0.0583362   -0.044429   -0.0214645   -0.011876   


NLL
46.99192

