NUISANCE_PARAMETERS
gamma_stat_SR__GNN_RUN3_bin_0  1 +0.125669 -0.125669
gamma_stat_SR__GNN_RUN3_bin_1  1 +0.137341 -0.137341
gamma_stat_SR__GNN_RUN3_bin_2  1 +0.139331 -0.139331
gamma_stat_SR__GNN_RUN3_bin_3  1 +0.111255 -0.111255
gamma_stat_SR__GNN_RUN3_bin_4  1 +0.104471 -0.104471
gamma_stat_SR__GNN_RUN3_bin_5  1 +0.153477 -0.153477
mu_XS_hh  1 +17.0092 -12.7066


CORRELATION_MATRIX
7   7
-0.0177331   0.00396769   0.00148405   0.00140694   0.00132006   0.00122136   1   
-0.0688748   0.0154108   0.00576443   0.00546409   0.00512667   1   0.00122136   
-0.0744326   0.0166545   0.00622973   0.00590486   1   0.00512667   0.00132006   
-0.0793316   0.0177507   0.00663976   1   0.00590486   0.00546409   0.00140694   
-0.0836963   0.0187273   1   0.00663976   0.00622973   0.00576443   0.00148405   
-0.223753   1   0.0187273   0.0177507   0.0166545   0.0154108   0.00396769   
1   -0.223753   -0.0836963   -0.0793316   -0.0744326   -0.0688748   -0.0177331   


NLL
27.59483

