NUISANCE_PARAMETERS
gamma_stat_SR__MLP_COMBINED_bin_0  1 +0.0689871 -0.0689871
gamma_stat_SR__MLP_COMBINED_bin_1  1 +0.0653112 -0.0653112
gamma_stat_SR__MLP_COMBINED_bin_2  1 +0.0592461 -0.0592461
gamma_stat_SR__MLP_COMBINED_bin_3  1 +0.0968969 -0.0968969
gamma_stat_SR__MLP_COMBINED_bin_4  1 +0.10067 -0.10067
gamma_stat_SR__MLP_COMBINED_bin_5  1 +0.0792068 -0.0792068
gamma_stat_SR__MLP_COMBINED_bin_6  1 +0.138597 -0.138597
gamma_stat_SR__MLP_COMBINED_bin_7  1 +0.168817 -0.168817
mu_XS_hh  1 +7.94973 -5.73863


CORRELATION_MATRIX
9   9
-0.00588496   0.00151099   0.00105023   0.000506231   0.000458897   0.000248068   8.69725e-05   7.09155e-05   1   
-0.0120503   0.00309377   0.00215049   0.00103658   0.000939657   0.000507953   0.000178088   1   7.09155e-05   
-0.0147788   0.00379423   0.00263741   0.00127129   0.00115242   0.000622967   1   0.000178088   8.69725e-05   
-0.0421528   0.0108217   0.00752256   0.00362603   0.00328699   1   0.000622967   0.000507953   0.000248068   
-0.0779779   0.0200185   0.0139159   0.00670775   1   0.00328699   0.00115242   0.000939657   0.000458897   
-0.0860211   0.0220833   0.0153513   1   0.00670775   0.00362603   0.00127129   0.00103658   0.000506231   
-0.178459   0.0458146   1   0.0153513   0.0139159   0.00752256   0.00263741   0.00215049   0.00105023   
-0.256722   1   0.0458146   0.0220833   0.0200185   0.0108217   0.00379423   0.00309377   0.00151099   
1   -0.256722   -0.178459   -0.0860211   -0.0779779   -0.0421528   -0.0147788   -0.0120503   -0.00588496   


NLL
44.51218

