NUISANCE_PARAMETERS
gamma_stat_SR__DNN_RUN3_bin_0  1 +0.115705 -0.115705
gamma_stat_SR__DNN_RUN3_bin_1  1 +0.132341 -0.132341
gamma_stat_SR__DNN_RUN3_bin_2  1 +0.148743 -0.148743
gamma_stat_SR__DNN_RUN3_bin_3  1 +0.102043 -0.102043
gamma_stat_SR__DNN_RUN3_bin_4  1 +0.191023 -0.191023
mu_XS_hh  1 +15.7072 -11.3086


CORRELATION_MATRIX
6   6
-0.0124417   0.00556033   0.000607603   0.00038945   0.000197456   1   
-0.0158705   0.00709272   0.000775   0.000496776   1   0.000197456   
-0.0313019   0.0139894   0.00152839   1   0.000496776   0.00038945   
-0.0488217   0.0218195   1   0.00152839   0.000775   0.000607603   
-0.446922   1   0.0218195   0.0139894   0.00709272   0.00556033   
1   -0.446922   -0.0488217   -0.0313019   -0.0158705   -0.0124417   


NLL
23.48288

