NUISANCE_PARAMETERS
gamma_stat_SR__XGB_RUN3_bin_0  1 +0.0790642 -0.0790642
gamma_stat_SR__XGB_RUN3_bin_1  1 +0.0826695 -0.0826695
gamma_stat_SR__XGB_RUN3_bin_2  1 +0.100515 -0.100515
gamma_stat_SR__XGB_RUN3_bin_3  1 +0.0920234 -0.0920234
gamma_stat_SR__XGB_RUN3_bin_4  1 +0.110963 -0.110963
gamma_stat_SR__XGB_RUN3_bin_5  1 +0.12316 -0.12316
gamma_stat_SR__XGB_RUN3_bin_6  1 +0.173364 -0.173364
mu_XS_hh  1 +12.0785 -8.4833


CORRELATION_MATRIX
8   8
-0.0116914   0.00314543   0.00154141   0.00108642   0.000569852   0.000359314   0.000163606   1   
-0.0139937   0.00376485   0.00184496   0.00130037   0.000682072   0.000430073   1   0.000163606   
-0.0307333   0.00826843   0.00405193   0.00285589   0.00149798   1   0.000430073   0.000359314   
-0.0487413   0.0131133   0.00642614   0.00452929   1   0.00149798   0.000682072   0.000569852   
-0.0929252   0.0250004   0.0122514   1   0.00452929   0.00285589   0.00130037   0.00108642   
-0.131842   0.0354705   1   0.0122514   0.00642614   0.00405193   0.00184496   0.00154141   
-0.269038   1   0.0354705   0.0250004   0.0131133   0.00826843   0.00376485   0.00314543   
1   -0.269038   -0.131842   -0.0929252   -0.0487413   -0.0307333   -0.0139937   -0.0116914   


NLL
36.88282

