NUISANCE_PARAMETERS
gamma_stat_SR__GNN_RUN3_bin_0  1 +0.0550913 -0.0550913
gamma_stat_SR__GNN_RUN3_bin_1  1 +0.0621473 -0.0621473
gamma_stat_SR__GNN_RUN3_bin_2  1 +0.0589327 -0.0589327
gamma_stat_SR__GNN_RUN3_bin_3  1 +0.0619811 -0.0619811
gamma_stat_SR__GNN_RUN3_bin_4  1 +0.0622705 -0.0622705
gamma_stat_SR__GNN_RUN3_bin_5  1 +0.0619597 -0.0619597
gamma_stat_SR__GNN_RUN3_bin_6  1 +0.0777456 -0.0777456
gamma_stat_SR__GNN_RUN3_bin_7  1 +0.131235 -0.131235
mu_XS_hh  1 +18.7797 -16.3563


CORRELATION_MATRIX
9   9
-0.0258095   0.0100929   0.00594414   0.00419758   0.00341506   0.00212926   0.00153079   0.00107725   1   
-0.0417386   0.0163221   0.00961275   0.00678824   0.00552277   0.0034434   0.00247556   1   0.00107725   
-0.059311   0.0231938   0.0136598   0.00964614   0.0078479   0.0048931   1   0.00247556   0.00153079   
-0.082499   0.0322616   0.0190002   0.0134174   0.0109161   1   0.0048931   0.0034434   0.00212926   
-0.132318   0.0517436   0.0304739   0.0215198   1   0.0109161   0.0078479   0.00552277   0.00341506   
-0.162637   0.0635999   0.0374566   1   0.0215198   0.0134174   0.00964614   0.00678824   0.00419758   
-0.230308   0.0900631   1   0.0374566   0.0304739   0.0190002   0.0136598   0.00961275   0.00594414   
-0.391055   1   0.0900631   0.0635999   0.0517436   0.0322616   0.0231938   0.0163221   0.0100929   
1   -0.391055   -0.230308   -0.162637   -0.132318   -0.082499   -0.059311   -0.0417386   -0.0258095   


NLL
50.18931

