NUISANCE_PARAMETERS
gamma_stat_SR__XGB_RUN3_bin_0  1 +0.0607843 -0.0607843
gamma_stat_SR__XGB_RUN3_bin_1  1 +0.0596846 -0.0596846
gamma_stat_SR__XGB_RUN3_bin_2  1 +0.0523949 -0.0523949
gamma_stat_SR__XGB_RUN3_bin_3  1 +0.0715949 -0.0715949
gamma_stat_SR__XGB_RUN3_bin_4  1 +0.08835 -0.08835
gamma_stat_SR__XGB_RUN3_bin_5  1 +0.0886061 -0.0886061
gamma_stat_SR__XGB_RUN3_bin_6  1 +0.156535 -0.156535
gamma_stat_SR__XGB_RUN3_bin_7  1 +0.113952 -0.113952
mu_XS_hh  1 +9.53934 -6.9816


CORRELATION_MATRIX
9   9
-0.0102521   0.00196398   0.00246424   0.00119273   0.000809864   0.000473948   0.00021144   0.000156612   1   
-0.0152761   0.00292653   0.00367177   0.00177724   0.00120674   0.00070621   0.000315058   1   0.000156612   
-0.0206242   0.00395115   0.00495716   0.00239943   0.00162921   0.000953448   1   0.000315058   0.00021144   
-0.0462296   0.00885683   0.0111114   0.00537838   0.00365192   1   0.000953448   0.00070621   0.000473948   
-0.0789953   0.0151343   0.0189865   0.00919036   1   0.00365192   0.00162921   0.00120674   0.000809864   
-0.116341   0.0222892   0.0279624   1   0.00919036   0.00537838   0.00239943   0.00177724   0.00119273   
-0.240348   0.0460476   1   0.0279624   0.0189865   0.0111114   0.00495716   0.00367177   0.00246424   
-0.191588   1   0.0460476   0.0222892   0.0151343   0.00885683   0.00395115   0.00292653   0.00196398   
1   -0.191588   -0.240348   -0.116341   -0.0789953   -0.0462296   -0.0206242   -0.0152761   -0.0102521   


NLL
46.94992

