NUISANCE_PARAMETERS
gamma_stat_SR__DNN_RUN2_bin_0  0.854328 +0.0756106 -0.0756106
gamma_stat_SR__DNN_RUN2_bin_1  0.630057 +0.0794032 -0.0794032
gamma_stat_SR__DNN_RUN2_bin_2  0.908789 +0.108541 -0.108541
gamma_stat_SR__DNN_RUN2_bin_3  0.815888 +0.147503 -0.147503
gamma_stat_SR__DNN_RUN2_bin_4  1.04575 +0.124127 -0.124127
gamma_stat_SR__GNN_RUN2_bin_0  0.62363 +0.0763399 -0.0763399
gamma_stat_SR__GNN_RUN2_bin_1  0.914381 +0.101624 -0.101624
gamma_stat_SR__GNN_RUN2_bin_2  0.530322 +0.0720804 -0.0720804
gamma_stat_SR__GNN_RUN2_bin_3  0.979879 +0.102389 -0.102389
gamma_stat_SR__GNN_RUN2_bin_4  0.906971 +0.132695 -0.132695
gamma_stat_SR__GNN_RUN2_bin_5  0.955632 +0.163344 -0.163344
gamma_stat_SR__MLP_RUN2_bin_0  0.820667 +0.079343 -0.079343
gamma_stat_SR__MLP_RUN2_bin_1  0.653438 +0.0822153 -0.0822153
gamma_stat_SR__MLP_RUN2_bin_2  0.899344 +0.109563 -0.109563
gamma_stat_SR__MLP_RUN2_bin_3  0.87298 +0.156301 -0.156301
gamma_stat_SR__MLP_RUN2_bin_4  1.02824 +0.115246 -0.115246
gamma_stat_SR__PNN_RUN2_bin_0  0.881265 +0.0894847 -0.0894847
gamma_stat_SR__PNN_RUN2_bin_1  0.918633 +0.0780543 -0.0780543
gamma_stat_SR__PNN_RUN2_bin_2  0.701586 +0.109687 -0.109687
gamma_stat_SR__PNN_RUN2_bin_3  0.927861 +0.0727822 -0.0727822
gamma_stat_SR__PNN_RUN2_bin_4  0.89162 +0.113358 -0.113358
gamma_stat_SR__PNN_RUN2_bin_5  1.05586 +0.131736 -0.131736
gamma_stat_SR__PNN_RUN2_bin_6  1.02963 +0.150864 -0.150864
gamma_stat_SR__XGB_RUN2_bin_0  0.742016 +0.139734 -0.139734
gamma_stat_SR__XGB_RUN2_bin_1  0.775138 +0.102038 -0.102038
gamma_stat_SR__XGB_RUN2_bin_2  0.553399 +0.0751995 -0.0751995
gamma_stat_SR__XGB_RUN2_bin_3  0.89364 +0.0882516 -0.0882516
gamma_stat_SR__XGB_RUN2_bin_4  0.882543 +0.163197 -0.163197
gamma_stat_SR__XGB_RUN2_bin_5  1.05777 +0.173081 -0.173081
mu_XS_hh  5.79296 +4.99822 -4.36478


CORRELATION_MATRIX
30   30
-0.00606239   0.000870046   0.000391713   0.000136468   0.000119063   3.6782e-05   1.77057e-05   0.000566321   0.000294929   0.000204091   9.24133e-05   9.96628e-05   3.79807e-05   4.9472e-05   0.000549083   0.000331635   0.000166265   0.000159151   4.24353e-05   0.000424546   0.00030058   0.000203665   0.000213484   6.97392e-05   4.22375e-05   0.000603326   0.00031169   0.000178117   0.000143084   1   
-0.023602   0.00338724   0.00152501   0.000531295   0.000463533   0.000143199   6.89315e-05   0.00220479   0.00114821   0.000794565   0.000359782   0.000388005   0.000147866   0.000192603   0.00213768   0.00129111   0.000647298   0.000619602   0.000165208   0.00165283   0.00117021   0.000792903   0.00083122   0.000271507   0.000164438   0.00234886   0.0012138   0.000693778   1   0.000143084   
-0.0293949   0.00421862   0.00189932   0.000661698   0.000577304   0.000178346   8.58503e-05   0.00274594   0.00143003   0.000989586   0.000448088   0.000483239   0.000184158   0.000239877   0.00266236   0.00160801   0.000806174   0.00077168   0.000205758   0.00205851   0.00145743   0.000987516   0.00103513   0.000338147   0.000204799   0.00292537   0.00151164   1   0.000693778   0.000178117   
-0.051428   0.00738071   0.00332296   0.00115768   0.00101002   0.000312027   0.0001502   0.00480417   0.00250192   0.00173134   0.000783955   0.000845453   0.000322195   0.000419677   0.00465794   0.0028133   0.00141045   0.0013501   0.000359984   0.00360148   0.00254986   0.00172771   0.00181102   0.000591607   0.000358306   0.0051181   1   0.00151164   0.0012138   0.00031169   
-0.0995196   0.0142826   0.00643033   0.00224025   0.00195452   0.00060381   0.000290655   0.00929667   0.00484153   0.00335035   0.00151705   0.00163606   0.000623487   0.000812128   0.0090137   0.00544409   0.00272939   0.0026126   0.000696614   0.0069693   0.0049343   0.00334334   0.00350454   0.00114483   0.000693367   1   0.0051181   0.00292537   0.00234886   0.000603326   
-0.00696714   0.000999892   0.000450173   0.000156835   0.000136832   4.22714e-05   2.02619e-05   0.000650753   0.000338945   0.00023455   0.000106205   0.00011445   4.36489e-05   5.68553e-05   0.000631029   0.000381129   0.000191078   0.000182816   4.87684e-05   0.000487905   0.000345353   0.00023406   0.000245431   8.02334e-05   1   0.000693367   0.000358306   0.000204799   0.000164438   4.22375e-05   
-0.0115036   0.00165094   0.000743291   0.000258953   0.000225926   6.97952e-05   3.35972e-05   0.00107461   0.000559639   0.000387271   0.000175358   0.000189114   7.20697e-05   9.38749e-05   0.0010419   0.000629289   0.000315493   0.000301994   8.05225e-05   0.000805591   0.000570362   0.000386461   0.000405181   1   8.02334e-05   0.00114483   0.000591607   0.000338147   0.000271507   6.97392e-05   
-0.0352146   0.00505384   0.00227535   0.000792702   0.0006916   0.000213656   0.000102847   0.00328959   0.00171315   0.00118551   0.000536801   0.000578912   0.000220618   0.000287368   0.00318946   0.00192637   0.000965782   0.000924459   0.000246494   0.00246606   0.00174598   0.00118303   1   0.000405181   0.000245431   0.00350454   0.00181102   0.00103513   0.00083122   0.000213484   
-0.0335948   0.00482137   0.00217068   0.000756239   0.000659787   0.000203828   9.81163e-05   0.00313827   0.00163435   0.00113098   0.00051211   0.000552283   0.00021047   0.00027415   0.00304275   0.00183776   0.000921358   0.000881935   0.000235156   0.00235262   0.00166567   1   0.00118303   0.000386461   0.00023406   0.00334334   0.00172771   0.000987516   0.000792903   0.000203665   
-0.0495812   0.00711566   0.00320363   0.0011161   0.000973754   0.000300821   0.00014472   0.00463156   0.00241208   0.00166916   0.000755802   0.000815005   0.000310625   0.000404606   0.00449067   0.00271227   0.00135979   0.00130153   0.000347057   0.00347214   1   0.00166567   0.00174598   0.000570362   0.000345353   0.0049343   0.00254986   0.00145743   0.00117021   0.00030058   
-0.0700294   0.0100503   0.00452487   0.00157641   0.00137535   0.000424886   0.000204527   0.00654183   0.00340686   0.00235756   0.00106751   0.00115125   0.000438732   0.000571474   0.00634271   0.00383087   0.0019206   0.00183842   0.00049019   1   0.00347214   0.00235262   0.00246606   0.000805591   0.000487905   0.0069693   0.00360148   0.00205851   0.00165283   0.000424546   
-0.00699977   0.00100457   0.000452281   0.000157569   0.000137473   4.24694e-05   2.04434e-05   0.000653887   0.000340532   0.000235649   0.000106703   0.000115073   4.38533e-05   5.71215e-05   0.000633984   0.000382913   0.000191973   0.000183759   1   0.00049019   0.000347057   0.000235156   0.000246494   8.05225e-05   4.87684e-05   0.000696614   0.000359984   0.000205758   0.000165208   4.24353e-05   
-0.0262522   0.00376759   0.00169625   0.000590952   0.000515581   0.000159278   7.65854e-05   0.00245227   0.00127714   0.000883784   0.000400181   0.000431487   0.000164469   0.00021423   0.00237763   0.00143609   0.000719896   1   0.000183759   0.00183842   0.00130153   0.000881935   0.000924459   0.000301994   0.000182816   0.0026126   0.0013501   0.00077168   0.000619602   0.000159151   
-0.0274256   0.003936   0.00177207   0.000617368   0.000538628   0.000166398   8.00988e-05   0.00256198   0.00133423   0.000923289   0.000418069   0.000450864   0.000171821   0.000223806   0.00248391   0.0015002   1   0.000719896   0.000191973   0.0019206   0.00135979   0.000921358   0.000965782   0.000315493   0.000191078   0.00272939   0.00141045   0.000806174   0.000647298   0.000166265   
-0.0547037   0.00785082   0.00353461   0.00123141   0.00107436   0.000331901   0.000159767   0.00511017   0.00266128   0.00184161   0.000833888   0.000899303   0.000342717   0.000446408   0.00495463   1   0.0015002   0.00143609   0.000382913   0.00383087   0.00271227   0.00183776   0.00192637   0.000629289   0.000381129   0.00544409   0.0028133   0.00160801   0.00129111   0.000331635   
-0.0905721   0.0129985   0.0058522   0.00203883   0.0017788   0.000549523   0.000264523   0.00846083   0.00440624   0.00304913   0.00138066   0.00148896   0.000567431   0.000739112   1   0.00495463   0.00248391   0.00237763   0.000633984   0.00634271   0.00449067   0.00304275   0.00318946   0.0010419   0.000631029   0.0090137   0.00465794   0.00266236   0.00213768   0.000549083   
-0.00816048   0.00117115   0.000527279   0.000183697   0.000160268   4.95117e-05   2.38334e-05   0.000762401   0.000397085   0.00027481   0.000124396   0.000134155   5.12113e-05   1   0.000739112   0.000446408   0.000223806   0.00021423   5.71215e-05   0.000571474   0.000404606   0.00027415   0.000287368   9.38749e-05   5.68553e-05   0.000812128   0.000419677   0.000239877   0.000192603   4.9472e-05   
-0.00626497   0.000899119   0.000404803   0.000141028   0.000123041   3.80111e-05   1.82974e-05   0.000585331   0.000304785   0.000210911   9.55015e-05   0.000102993   1   5.12113e-05   0.000567431   0.000342717   0.000171821   0.000164469   4.38533e-05   0.000438732   0.000310625   0.00021047   0.000220618   7.20697e-05   4.36489e-05   0.000623487   0.000322195   0.000184158   0.000147866   3.79807e-05   
-0.0164395   0.00235933   0.00106222   0.000370064   0.000322866   9.97428e-05   4.79268e-05   0.00153562   0.000799767   0.00055344   0.0002506   1   0.000102993   0.000134155   0.00148896   0.000899303   0.000450864   0.000431487   0.000115073   0.00115125   0.000815005   0.000552283   0.000578912   0.000189114   0.00011445   0.00163606   0.000845453   0.000483239   0.000388005   9.96628e-05   
-0.0152437   0.00218771   0.000984954   0.000343146   0.00029938   9.24875e-05   4.45205e-05   0.001424   0.000741592   0.000513183   1   0.0002506   9.55015e-05   0.000124396   0.00138066   0.000833888   0.000418069   0.000400181   0.000106703   0.00106751   0.000755802   0.00051211   0.000536801   0.000175358   0.000106205   0.00151705   0.000783955   0.000448088   0.000359782   9.24133e-05   
-0.0336652   0.00483148   0.00217524   0.000757825   0.000661171   0.000204255   9.8322e-05   0.00314485   0.00163787   1   0.000513183   0.00055344   0.000210911   0.00027481   0.00304913   0.00184161   0.000923289   0.000883784   0.000235649   0.00235756   0.00166916   0.00113098   0.00118551   0.000387271   0.00023455   0.00335035   0.00173134   0.000989586   0.000794565   0.000204091   
-0.048649   0.00698188   0.0031434   0.00109512   0.000955446   0.000295166   0.000142083   0.00454457   1   0.00163787   0.000741592   0.000799767   0.000304785   0.000397085   0.00440624   0.00266128   0.00133423   0.00127714   0.000340532   0.00340686   0.00241208   0.00163435   0.00171315   0.000559639   0.000338945   0.00484153   0.00250192   0.00143003   0.00114821   0.000294929   
-0.0934155   0.0134066   0.00603592   0.00210284   0.00183464   0.000566775   0.000272742   1   0.00454457   0.00314485   0.001424   0.00153562   0.000585331   0.000762401   0.00846083   0.00511017   0.00256198   0.00245227   0.000653887   0.00654183   0.00463156   0.00313827   0.00328959   0.00107461   0.000650753   0.00929667   0.00480417   0.00274594   0.00220479   0.000566321   
-0.00292058   0.000419148   0.00018871   6.58302e-05   5.7359e-05   1.77199e-05   1   0.000272742   0.000142083   9.8322e-05   4.45205e-05   4.79268e-05   1.82974e-05   2.38334e-05   0.000264523   0.000159767   8.00988e-05   7.65854e-05   2.04434e-05   0.000204527   0.00014472   9.81163e-05   0.000102847   3.35972e-05   2.02619e-05   0.000290655   0.0001502   8.58503e-05   6.89315e-05   1.77057e-05   
-0.00606725   0.000870744   0.000392114   0.000136664   0.000119158   1   1.77199e-05   0.000566775   0.000295166   0.000204255   9.24875e-05   9.97428e-05   3.80111e-05   4.95117e-05   0.000549523   0.000331901   0.000166398   0.000159278   4.24694e-05   0.000424886   0.000300821   0.000203828   0.000213656   6.97952e-05   4.22714e-05   0.00060381   0.000312027   0.000178346   0.000143199   3.6782e-05   
-0.0196396   0.00281867   0.00126907   0.000442185   1   0.000119158   5.7359e-05   0.00183464   0.000955446   0.000661171   0.00029938   0.000322866   0.000123041   0.000160268   0.0017788   0.00107436   0.000538628   0.000515581   0.000137473   0.00137535   0.000973754   0.000659787   0.0006916   0.000225926   0.000136832   0.00195452   0.00101002   0.000577304   0.000463533   0.000119063   
-0.0225106   0.0032307   0.00145458   1   0.000442185   0.000136664   6.58302e-05   0.00210284   0.00109512   0.000757825   0.000343146   0.000370064   0.000141028   0.000183697   0.00203883   0.00123141   0.000617368   0.000590952   0.000157569   0.00157641   0.0011161   0.000756239   0.000792702   0.000258953   0.000156835   0.00224025   0.00115768   0.000661698   0.000531295   0.000136468   
-0.0646138   0.00927307   1   0.00145458   0.00126907   0.000392114   0.00018871   0.00603592   0.0031434   0.00217524   0.000984954   0.00106222   0.000404803   0.000527279   0.0058522   0.00353461   0.00177207   0.00169625   0.000452281   0.00452487   0.00320363   0.00217068   0.00227535   0.000743291   0.000450173   0.00643033   0.00332296   0.00189932   0.00152501   0.000391713   
-0.143515   1   0.00927307   0.0032307   0.00281867   0.000870744   0.000419148   0.0134066   0.00698188   0.00483148   0.00218771   0.00235933   0.000899119   0.00117115   0.0129985   0.00785082   0.003936   0.00376759   0.00100457   0.0100503   0.00711566   0.00482137   0.00505384   0.00165094   0.000999892   0.0142826   0.00738071   0.00421862   0.00338724   0.000870046   
1   -0.143515   -0.0646138   -0.0225106   -0.0196396   -0.00606725   -0.00292058   -0.0934155   -0.048649   -0.0336652   -0.0152437   -0.0164395   -0.00626497   -0.00816048   -0.0905721   -0.0547037   -0.0274256   -0.0262522   -0.00699977   -0.0700294   -0.0495812   -0.0335948   -0.0352146   -0.0115036   -0.00696714   -0.0995196   -0.051428   -0.0293949   -0.023602   -0.00606239   


NLL
914.85492

