NUISANCE_PARAMETERS
gamma_stat_SR__DNN_COMBINED_bin_0  1 +0.120151 -0.120151
gamma_stat_SR__DNN_COMBINED_bin_1  1 +0.105932 -0.105932
gamma_stat_SR__DNN_COMBINED_bin_2  1 +0.102984 -0.102984
gamma_stat_SR__DNN_COMBINED_bin_3  1 +0.109076 -0.109076
gamma_stat_SR__DNN_COMBINED_bin_4  1 +0.114613 -0.114613
gamma_stat_SR__DNN_COMBINED_bin_5  1 +0.17663 -0.17663
gamma_stat_SR__DNN_COMBINED_bin_6  1 +0.155962 -0.155962
mu_XS_hh  1 +7.88344 -5.42849


CORRELATION_MATRIX
8   8
-0.00422605   0.00106063   0.000551627   0.000240364   0.000119572   5.25124e-05   2.82616e-05   1   
-0.00668746   0.00167838   0.000872915   0.000380362   0.000189215   8.30975e-05   1   2.82616e-05   
-0.0124259   0.00311858   0.00162195   0.000706744   0.000351577   1   8.30975e-05   5.25124e-05   
-0.028294   0.0071006   0.00369321   0.00160879   1   0.000351577   0.000189215   0.000119572   
-0.0568768   0.0142742   0.00742414   1   0.00160879   0.000706744   0.000380362   0.000240364   
-0.13053   0.0327597   1   0.00742414   0.00369321   0.00162195   0.000872915   0.000551627   
-0.250974   1   0.0327597   0.0142742   0.0071006   0.00311858   0.00167838   0.00106063   
1   -0.250974   -0.13053   -0.0568768   -0.028294   -0.0124259   -0.00668746   -0.00422605   


NLL
33.88506

