NUISANCE_PARAMETERS
gamma_stat_SR__MLP_RUN3_bin_0  1 +0.0521643 -0.0521643
gamma_stat_SR__MLP_RUN3_bin_1  1 +0.0504757 -0.0504757
gamma_stat_SR__MLP_RUN3_bin_2  1 +0.0505711 -0.0505711
gamma_stat_SR__MLP_RUN3_bin_3  1 +0.0680255 -0.0680255
gamma_stat_SR__MLP_RUN3_bin_4  1 +0.0675841 -0.0675841
gamma_stat_SR__MLP_RUN3_bin_5  1 +0.114318 -0.114318
gamma_stat_SR__MLP_RUN3_bin_6  1 +0.191049 -0.191049
mu_XS_hh  1 +17.9939 -14.0013


CORRELATION_MATRIX
8   8
-0.0162313   0.0105997   0.004956   0.0020654   0.001347   0.000623383   0.000388539   1   
-0.0239376   0.0156321   0.007309   0.00304601   0.00198653   0.000919351   1   0.000388539   
-0.0384061   0.0250806   0.0117268   0.00488711   0.00318725   1   0.000919351   0.000623383   
-0.0829879   0.0541942   0.0253392   0.01056   1   0.00318725   0.00198653   0.001347   
-0.127248   0.0830976   0.0388534   1   0.01056   0.00488711   0.00304601   0.0020654   
-0.305336   0.199395   1   0.0388534   0.0253392   0.0117268   0.007309   0.004956   
-0.653037   1   0.199395   0.0830976   0.0541942   0.0250806   0.0156321   0.0105997   
1   -0.653037   -0.305336   -0.127248   -0.0829879   -0.0384061   -0.0239376   -0.0162313   


NLL
43.34022

