NUISANCE_PARAMETERS
gamma_stat_SR__DNN_RUN3_bin_0  1 +0.0477024 -0.0477024
gamma_stat_SR__DNN_RUN3_bin_1  1 +0.0515152 -0.0515152
gamma_stat_SR__DNN_RUN3_bin_2  1 +0.0589471 -0.0589471
gamma_stat_SR__DNN_RUN3_bin_3  1 +0.0804425 -0.0804425
gamma_stat_SR__DNN_RUN3_bin_4  1 +0.0946224 -0.0946224
gamma_stat_SR__DNN_RUN3_bin_5  1 +0.0654235 -0.0654235
gamma_stat_SR__DNN_RUN3_bin_6  1 +0.187216 -0.187216
mu_XS_hh  1 +14.4636 -11.5231


CORRELATION_MATRIX
8   8
-0.0216175   0.0116815   0.00319572   0.0034454   0.00211288   0.000963918   0.000570324   1   
-0.0263826   0.0142564   0.00390015   0.00420486   0.00257862   0.00117639   1   0.000570324   
-0.0445898   0.024095   0.00659174   0.00710674   0.00435819   1   0.00117639   0.000963918   
-0.0977395   0.0528156   0.0144489   0.0155778   1   0.00435819   0.00257862   0.00211288   
-0.15938   0.0861246   0.0235613   1   0.0155778   0.00710674   0.00420486   0.0034454   
-0.147831   0.0798834   1   0.0235613   0.0144489   0.00659174   0.00390015   0.00319572   
-0.540371   1   0.0798834   0.0861246   0.0528156   0.024095   0.0142564   0.0116815   
1   -0.540371   -0.147831   -0.15938   -0.0977395   -0.0445898   -0.0263826   -0.0216175   


NLL
42.70300

