NUISANCE_PARAMETERS
gamma_stat_SR__GNN_RUN2_bin_0  1 +0.156246 -0.156246
gamma_stat_SR__GNN_RUN2_bin_1  1 +0.141877 -0.141877
gamma_stat_SR__GNN_RUN2_bin_2  1 +0.144547 -0.144547
gamma_stat_SR__GNN_RUN2_bin_3  1 +0.17123 -0.17123
gamma_stat_SR__GNN_RUN2_bin_4  1 +0.121718 -0.121718
gamma_stat_SR__GNN_RUN2_bin_5  1 +0.184322 -0.184322
gamma_stat_SR__GNN_RUN2_bin_6  1 +0.112466 -0.112466
mu_XS_hh  1 +16.9073 -12.1306


CORRELATION_MATRIX
8   8
-0.00858341   0.00152564   0.000819074   0.000516696   0.000508685   0.000236429   0.000144859   1   
-0.0169349   0.00301006   0.001617   0.00101943   0.00100387   0.000466956   1   0.000144859   
-0.0276031   0.00490628   0.00263514   0.00166163   0.00163642   1   0.000466956   0.000236429   
-0.0592928   0.0105392   0.00566122   0.0035695   1   0.00163642   0.00100387   0.000508685   
-0.0601971   0.0106996   0.00574781   1   0.0035695   0.00166163   0.00101943   0.000516696   
-0.0954833   0.0169715   1   0.00574781   0.00566122   0.00263514   0.001617   0.000819074   
-0.177743   1   0.0169715   0.0106996   0.0105392   0.00490628   0.00301006   0.00152564   
1   -0.177743   -0.0954833   -0.0601971   -0.0592928   -0.0276031   -0.0169349   -0.00858341   


NLL
30.10051

