NUISANCE_PARAMETERS
gamma_stat_SR__GNN_RUN2_bin_0  1 +0.0578711 -0.0578711
gamma_stat_SR__GNN_RUN2_bin_1  1 +0.0482869 -0.0482869
gamma_stat_SR__GNN_RUN2_bin_2  1 +0.0542734 -0.0542734
gamma_stat_SR__GNN_RUN2_bin_3  1 +0.0534917 -0.0534917
gamma_stat_SR__GNN_RUN2_bin_4  1 +0.048938 -0.048938
gamma_stat_SR__GNN_RUN2_bin_5  1 +0.0590493 -0.0590493
gamma_stat_SR__GNN_RUN2_bin_6  1 +0.0578078 -0.0578078
gamma_stat_SR__GNN_RUN2_bin_7  1 +0.090827 -0.090827
mu_XS_hh  1 +19.8212 -17.7993


CORRELATION_MATRIX
9   9
-0.0230166   0.00571828   0.00348496   0.00308243   0.00206041   0.00166081   0.00119711   0.000628283   1   
-0.0272969   0.0067817   0.00413303   0.00365565   0.00244358   0.00196966   0.00141973   1   0.000628283   
-0.0520108   0.0129218   0.00787497   0.00696538   0.00465592   0.00375294   1   0.00141973   0.00119711   
-0.072157   0.0179271   0.0109253   0.00966341   0.00645939   1   0.00375294   0.00196966   0.00166081   
-0.0895184   0.0222405   0.013554   0.0119885   1   0.00645939   0.00465592   0.00244358   0.00206041   
-0.133922   0.0332725   0.0202772   1   0.0119885   0.00966341   0.00696538   0.00365565   0.00308243   
-0.15141   0.0376177   1   0.0202772   0.013554   0.0109253   0.00787497   0.00413303   0.00348496   
-0.248448   1   0.0376177   0.0332725   0.0222405   0.0179271   0.0129218   0.0067817   0.00571828   
1   -0.248448   -0.15141   -0.133922   -0.0895184   -0.072157   -0.0520108   -0.0272969   -0.0230166   


NLL
51.19497

