NUISANCE_PARAMETERS
gamma_stat_SR__XGB_RUN2_bin_0  1 +0.0785409 -0.0785409
gamma_stat_SR__XGB_RUN2_bin_1  1 +0.0583946 -0.0583946
gamma_stat_SR__XGB_RUN2_bin_2  1 +0.0904916 -0.0904916
gamma_stat_SR__XGB_RUN2_bin_3  1 +0.0527831 -0.0527831
gamma_stat_SR__XGB_RUN2_bin_4  1 +0.0534324 -0.0534324
gamma_stat_SR__XGB_RUN2_bin_5  1 +0.0569192 -0.0569192
gamma_stat_SR__XGB_RUN2_bin_6  1 +0.100592 -0.100592
gamma_stat_SR__XGB_RUN2_bin_7  1 +0.187275 -0.187275
mu_XS_hh  1 +12.818 -9.85207


CORRELATION_MATRIX
9   9
-0.00700362   0.00285888   0.00111873   0.000517004   0.000367922   0.000217675   0.000204418   9.62988e-05   1   
-0.0137499   0.00561271   0.00219635   0.00101501   0.000722325   0.000427352   0.000401324   1   9.62988e-05   
-0.0291875   0.0119144   0.0046623   0.00215461   0.00153331   0.000907159   1   0.000401324   0.000204418   
-0.0310804   0.0126871   0.00496467   0.00229435   0.00163275   1   0.000907159   0.000427352   0.000217675   
-0.0525332   0.0214441   0.00839146   0.00387798   1   0.00163275   0.00153331   0.000722325   0.000367922   
-0.0738196   0.0301332   0.0117917   1   0.00387798   0.00229435   0.00215461   0.00101501   0.000517004   
-0.159736   0.0652045   1   0.0117917   0.00839146   0.00496467   0.0046623   0.00219635   0.00111873   
-0.408201   1   0.0652045   0.0301332   0.0214441   0.0126871   0.0119144   0.00561271   0.00285888   
1   -0.408201   -0.159736   -0.0738196   -0.0525332   -0.0310804   -0.0291875   -0.0137499   -0.00700362   


NLL
47.25049

