NUISANCE_PARAMETERS
gamma_stat_SR__DNN_COMBINED_bin_0  0.941633 +0.0397567 -0.0397567
gamma_stat_SR__DNN_COMBINED_bin_1  0.954984 +0.0368636 -0.0368636
gamma_stat_SR__DNN_COMBINED_bin_2  0.745575 +0.0443613 -0.0443613
gamma_stat_SR__DNN_COMBINED_bin_3  0.901279 +0.048675 -0.048675
gamma_stat_SR__DNN_COMBINED_bin_4  0.948834 +0.0467336 -0.0467336
gamma_stat_SR__DNN_COMBINED_bin_5  0.886383 +0.0778206 -0.0778206
gamma_stat_SR__DNN_COMBINED_bin_6  0.991128 +0.113537 -0.113537
gamma_stat_SR__DNN_COMBINED_bin_7  1.02693 +0.177466 -0.177466
gamma_stat_SR__GNN_COMBINED_bin_0  0.95795 +0.0357918 -0.0357918
gamma_stat_SR__GNN_COMBINED_bin_1  0.954043 +0.0391349 -0.0391349
gamma_stat_SR__GNN_COMBINED_bin_2  0.88337 +0.0435684 -0.0435684
gamma_stat_SR__GNN_COMBINED_bin_3  0.853868 +0.0465403 -0.0465403
gamma_stat_SR__GNN_COMBINED_bin_4  0.949784 +0.0418914 -0.0418914
gamma_stat_SR__GNN_COMBINED_bin_5  0.947222 +0.0439142 -0.0439142
gamma_stat_SR__GNN_COMBINED_bin_6  0.986473 +0.0557653 -0.0557653
gamma_stat_SR__GNN_COMBINED_bin_7  0.981475 +0.0789974 -0.0789974
gamma_stat_SR__MLP_COMBINED_bin_0  0.972022 +0.04184 -0.04184
gamma_stat_SR__MLP_COMBINED_bin_1  0.942507 +0.0371016 -0.0371016
gamma_stat_SR__MLP_COMBINED_bin_2  0.762822 +0.045318 -0.045318
gamma_stat_SR__MLP_COMBINED_bin_3  0.875092 +0.0486908 -0.0486908
gamma_stat_SR__MLP_COMBINED_bin_4  0.949351 +0.0568587 -0.0568587
gamma_stat_SR__MLP_COMBINED_bin_5  0.823003 +0.0793726 -0.0793726
gamma_stat_SR__MLP_COMBINED_bin_6  0.968267 +0.120936 -0.120936
gamma_stat_SR__MLP_COMBINED_bin_7  1.06265 +0.178312 -0.178312
gamma_stat_SR__PNN_COMBINED_bin_0  0.943756 +0.0465472 -0.0465472
gamma_stat_SR__PNN_COMBINED_bin_1  0.932641 +0.0397083 -0.0397083
gamma_stat_SR__PNN_COMBINED_bin_2  0.782885 +0.0448962 -0.0448962
gamma_stat_SR__PNN_COMBINED_bin_3  0.900812 +0.0399572 -0.0399572
gamma_stat_SR__PNN_COMBINED_bin_4  0.919345 +0.0495978 -0.0495978
gamma_stat_SR__PNN_COMBINED_bin_5  0.907056 +0.080146 -0.080146
gamma_stat_SR__PNN_COMBINED_bin_6  0.930977 +0.0851634 -0.0851634
gamma_stat_SR__PNN_COMBINED_bin_7  1.0932 +0.176025 -0.176025
gamma_stat_SR__XGB_COMBINED_bin_0  0.946471 +0.0675042 -0.0675042
gamma_stat_SR__XGB_COMBINED_bin_1  1.0233 +0.0421197 -0.0421197
gamma_stat_SR__XGB_COMBINED_bin_2  0.786849 +0.0461646 -0.0461646
gamma_stat_SR__XGB_COMBINED_bin_3  0.875201 +0.0413719 -0.0413719
gamma_stat_SR__XGB_COMBINED_bin_4  0.948782 +0.0545554 -0.0545554
gamma_stat_SR__XGB_COMBINED_bin_5  0.870458 +0.0717179 -0.0717179
gamma_stat_SR__XGB_COMBINED_bin_6  0.955522 +0.0689206 -0.0689206
gamma_stat_SR__XGB_COMBINED_bin_7  1.14502 +0.166268 -0.166268
mu_XS_hh  -10.7282 +2.57396 -2.29509


CORRELATION_MATRIX
41   41
-0.00317725   0.00066317   0.000176059   0.000138461   7.87874e-05   3.61824e-05   2.27921e-05   1.49401e-05   1.00621e-05   0.000641701   0.000216108   0.000164905   7.33472e-05   3.96157e-05   2.53201e-05   1.46721e-05   7.49219e-06   0.000505164   0.000322347   0.000176847   9.35782e-05   5.30177e-05   2.97871e-05   1.76267e-05   1.12763e-05   0.000216525   0.00014063   9.55851e-05   7.04313e-05   5.58528e-05   3.36986e-05   2.02424e-05   1.21163e-05   0.000528523   0.000302777   0.000173001   7.80173e-05   5.17528e-05   2.69971e-05   1.66796e-05   1   
-0.00516176   0.00107739   0.000286025   0.000224944   0.000127998   5.87819e-05   3.70281e-05   2.42717e-05   1.63469e-05   0.00104251   0.000351089   0.000267904   0.00011916   6.43597e-05   4.1135e-05   2.38364e-05   1.21718e-05   0.000820689   0.000523684   0.000287305   0.000152027   8.61325e-05   4.83922e-05   2.86364e-05   1.83195e-05   0.000351766   0.000228468   0.000155288   0.000114423   9.07385e-05   5.47467e-05   3.28857e-05   1.96841e-05   0.000858638   0.000491717   0.000280186   0.000126572   8.3903e-05   4.36849e-05   1   1.66796e-05   
-0.00840905   0.00175518   0.000465965   0.000366457   0.000208522   9.57619e-05   6.03227e-05   3.95411e-05   2.66308e-05   0.00169836   0.000571962   0.000436444   0.000194124   0.000104849   6.70133e-05   3.8832e-05   1.98292e-05   0.00133699   0.000853137   0.000468051   0.000247668   0.000140319   7.8836e-05   4.66517e-05   2.98445e-05   0.000573064   0.000372198   0.00025298   0.000186407   0.000147823   8.91881e-05   5.35744e-05   3.20674e-05   0.00139881   0.000800884   0.000455576   0.000206024   0.000136511   1   4.36849e-05   2.69971e-05   
-0.0162006   0.00338147   0.000897714   0.000706005   0.000401732   0.000184492   0.000116216   7.61786e-05   5.13061e-05   0.003272   0.00110192   0.000840839   0.000373993   0.000201998   0.000129106   7.48124e-05   3.82023e-05   0.0025758   0.00164363   0.000901731   0.00047715   0.000270334   0.000151883   8.98777e-05   5.74974e-05   0.00110405   0.000717065   0.000487383   0.000359125   0.00028479   0.000171827   0.000103215   6.17801e-05   0.00269491   0.0015427   0.000876405   0.000396661   1   0.000136511   8.3903e-05   5.17528e-05   
-0.0244671   0.00510687   0.00135578   0.00106625   0.000606718   0.00027863   0.000175515   0.000115049   7.74853e-05   0.00494155   0.00166418   0.00126988   0.000564825   0.000305069   0.000194982   0.000112986   5.76951e-05   0.00389012   0.0024823   0.00136184   0.000720618   0.000408273   0.000229382   0.000135738   8.68357e-05   0.00166739   0.00108295   0.000736073   0.000542371   0.000430106   0.000259503   0.00015588   9.33037e-05   0.00406999   0.00232973   0.00132288   1   0.000396661   0.000206024   0.000126572   7.80173e-05   
-0.0540109   0.0112734   0.00299287   0.00235374   0.00133933   0.000615074   0.000387449   0.000253971   0.000171048   0.0109085   0.00367368   0.00280326   0.00124685   0.000673438   0.000430423   0.000249416   0.000127362   0.00858741   0.00547966   0.00300627   0.00159076   0.000901261   0.000506359   0.000299641   0.000191689   0.00368076   0.00239061   0.00162488   0.00119728   0.000949457   0.000572851   0.000344105   0.000205967   0.0089845   0.00514364   1   0.00132288   0.000876405   0.000455576   0.000280186   0.000173001   
-0.0952076   0.0198722   0.00527568   0.00414904   0.0023609   0.00108422   0.000682975   0.000447686   0.000301515   0.0192289   0.00647577   0.00494144   0.00219788   0.0011871   0.000758727   0.000439657   0.000224507   0.0151374   0.00965925   0.00529929   0.00280411   0.0015887   0.000892584   0.000528192   0.0003379   0.00648825   0.00421404   0.00286425   0.0021105   0.00167365   0.00100979   0.000606571   0.000363069   0.0158374   1   0.00514364   0.00232973   0.0015427   0.000800884   0.000491717   0.000302777   
-0.166346   0.0347205   0.00921762   0.00724917   0.00412494   0.00189434   0.00119329   0.000782193   0.000526805   0.0335965   0.0113144   0.00863363   0.00384012   0.00207409   0.00132564   0.000768165   0.000392256   0.026448   0.0168766   0.00925887   0.00489932   0.00277576   0.00155951   0.000922853   0.000590376   0.0113362   0.00736274   0.00500439   0.00368745   0.00292419   0.0017643   0.0010598   0.000634351   1   0.0158374   0.0089845   0.00406999   0.00269491   0.00139881   0.000858638   0.000528523   
-0.00381344   0.000795959   0.000211312   0.000166186   9.45633e-05   4.34273e-05   2.73559e-05   1.79316e-05   1.20769e-05   0.000770192   0.00025938   0.000197924   8.80338e-05   4.75481e-05   3.039e-05   1.761e-05   8.99238e-06   0.000606315   0.000386891   0.000212257   0.000112316   6.36336e-05   3.57515e-05   2.11562e-05   1.35342e-05   0.00025988   0.000168789   0.000114725   8.45341e-05   6.70364e-05   4.04461e-05   2.42956e-05   1   0.000634351   0.000363069   0.000205967   9.33037e-05   6.17801e-05   3.20674e-05   1.96841e-05   1.21163e-05   
-0.00637103   0.00132979   0.000353034   0.000277643   0.000157985   7.25531e-05   4.57028e-05   2.99579e-05   2.01766e-05   0.00128674   0.000433341   0.000330667   0.000147076   7.94376e-05   5.07719e-05   2.94206e-05   1.50234e-05   0.00101296   0.000646371   0.000354614   0.000187643   0.000106311   5.97293e-05   3.53452e-05   2.26113e-05   0.000434176   0.000281992   0.000191668   0.000141229   0.000111996   6.75725e-05   1   2.42956e-05   0.0010598   0.000606571   0.000344105   0.00015588   0.000103215   5.35744e-05   3.28857e-05   2.02424e-05   
-0.0106062   0.00221378   0.000587714   0.000462207   0.000263006   0.000120783   7.6084e-05   4.98726e-05   3.3589e-05   0.00214211   0.000721406   0.00055048   0.000244846   0.000132244   8.45228e-05   4.89781e-05   2.50102e-05   0.00168632   0.00107605   0.000590345   0.00031238   0.000176982   9.94345e-05   5.8841e-05   3.76423e-05   0.000722796   0.000469169   0.00031908   0.000233715   0.000186167   1   6.75725e-05   4.04461e-05   0.0017643   0.00100979   0.000572851   0.000259503   0.000171827   8.91881e-05   5.47467e-05   3.36986e-05   
-0.017579   0.00366917   0.000974092   0.000766073   0.000435912   0.000200189   0.000126103   8.266e-05   5.56713e-05   0.00355039   0.00119568   0.000912379   0.000405813   0.000219185   0.00014009   8.11776e-05   4.14526e-05   0.00279495   0.00178347   0.000978452   0.000517747   0.000293334   0.000164805   9.75246e-05   6.23893e-05   0.00119798   0.000777795   0.00052885   0.000388284   1   0.000186167   0.000111996   6.70364e-05   0.00292419   0.00167365   0.000949457   0.000430106   0.00028479   0.000147823   9.07385e-05   5.58528e-05   
-0.0221674   0.00462688   0.00122835   0.000966031   0.000549693   0.000252441   0.000159019   0.000104236   7.02024e-05   0.00447709   0.00150777   0.00115052   0.000511737   0.000276395   0.000176656   0.000102366   5.22724e-05   0.00352448   0.00224898   0.00123384   0.000652887   0.0003699   0.000207822   0.00012298   7.8674e-05   0.00151067   0.000979769   0.000666889   1   0.000388284   0.000233715   0.000141229   8.45341e-05   0.00368745   0.0021105   0.00119728   0.000542371   0.000359125   0.000186407   0.000114423   7.04313e-05   
-0.0300842   0.00627932   0.00166704   0.00131104   0.00074601   0.000342598   0.00021581   0.000141462   9.52744e-05   0.00607604   0.00204625   0.00156142   0.000694499   0.000375107   0.000239747   0.000138925   7.09409e-05   0.00478322   0.00305218   0.0016745   0.000886059   0.000502005   0.000282044   0.000166901   0.000106772   0.00205019   0.00133158   1   0.000666889   0.00052885   0.00031908   0.000191668   0.000114725   0.00500439   0.00286425   0.00162488   0.000736073   0.000487383   0.00025298   0.000155288   9.55851e-05   
-0.0442616   0.00923849   0.00245264   0.00192887   0.00109757   0.000504049   0.000317512   0.000208127   0.000140173   0.00893941   0.00301056   0.00229725   0.00102179   0.000551879   0.000352729   0.000204395   0.000104372   0.00703733   0.00449055   0.00246362   0.00130362   0.000738578   0.000414958   0.000245554   0.000157088   0.00301636   1   0.00133158   0.000979769   0.000777795   0.000469169   0.000281992   0.000168789   0.00736274   0.00421404   0.00239061   0.00108295   0.000717065   0.000372198   0.000228468   0.00014063   
-0.0681484   0.0142243   0.00377626   0.00296983   0.0016899   0.000776071   0.000488865   0.000320448   0.000215821   0.0137638   0.00463528   0.00353702   0.00157322   0.000849713   0.000543087   0.000314701   0.000160699   0.0108352   0.00691397   0.00379316   0.00200715   0.00113717   0.0006389   0.000378074   0.000241865   1   0.00301636   0.00205019   0.00151067   0.00119798   0.000722796   0.000434176   0.00025988   0.0113362   0.00648825   0.00368076   0.00166739   0.00110405   0.000573064   0.000351766   0.000216525   
-0.00354909   0.000740781   0.000196663   0.000154665   8.8008e-05   4.04168e-05   2.54595e-05   1.66885e-05   1.12397e-05   0.0007168   0.0002414   0.000184204   8.19311e-05   4.4252e-05   2.82833e-05   1.63892e-05   8.36901e-06   0.000564284   0.000360071   0.000197543   0.00010453   5.92224e-05   3.32731e-05   1.96896e-05   1   0.000241865   0.000157088   0.000106772   7.8674e-05   6.23893e-05   3.76423e-05   2.26113e-05   1.35342e-05   0.000590376   0.0003379   0.000191689   8.68357e-05   5.74974e-05   2.98445e-05   1.83195e-05   1.12763e-05   
-0.00554779   0.00115796   0.000307416   0.000241767   0.000137571   6.3178e-05   3.97973e-05   2.60869e-05   1.75694e-05   0.00112047   0.000377346   0.00028794   0.000128072   6.9173e-05   4.42114e-05   2.5619e-05   1.30821e-05   0.000882066   0.000563127   0.000310187   0.000163397   9.28535e-05   5.20113e-05   1   1.96896e-05   0.000378074   0.000245554   0.000166901   0.00012298   9.75246e-05   5.8841e-05   3.53452e-05   2.11562e-05   0.000922853   0.000528192   0.000299641   0.000135738   8.98777e-05   4.66517e-05   2.86364e-05   1.76267e-05   
-0.00937513   0.00195682   0.000519498   0.000408558   0.000232478   0.000106764   6.72528e-05   4.40838e-05   2.96903e-05   0.00189347   0.000637672   0.000486585   0.000216426   0.000116894   7.47121e-05   4.32932e-05   2.21073e-05   0.00149059   0.00095115   0.000521823   0.000276122   0.00015644   1   5.20113e-05   3.32731e-05   0.0006389   0.000414958   0.000282044   0.000207822   0.000164805   9.94345e-05   5.97293e-05   3.57515e-05   0.00155951   0.000892584   0.000506359   0.000229382   0.000151883   7.8836e-05   4.83922e-05   2.97871e-05   
-0.0166867   0.00348291   0.000924646   0.000727186   0.000413785   0.000190027   0.000119702   7.84641e-05   5.28453e-05   0.00337016   0.00113498   0.000866065   0.000385214   0.000208059   0.000132979   7.70569e-05   3.93484e-05   0.00265335   0.00169322   0.000930179   0.000491465   1   0.00015644   9.28535e-05   5.92224e-05   0.00113717   0.000738578   0.000502005   0.0003699   0.000293334   0.000176982   0.000106311   6.36336e-05   0.00277576   0.0015887   0.000901261   0.000408273   0.000270334   0.000140319   8.61325e-05   5.30177e-05   
-0.0294526   0.00614748   0.00163204   0.00128351   0.000730346   0.000335405   0.000211279   0.000138492   9.3274e-05   0.00594847   0.00200329   0.00152864   0.000679917   0.000367231   0.000234713   0.000136008   6.94514e-05   0.00468279   0.0029881   0.00163934   1   0.000491465   0.000276122   0.000163397   0.00010453   0.00200715   0.00130362   0.000886059   0.000652887   0.000517747   0.00031238   0.000187643   0.000112316   0.00489932   0.00280411   0.00159076   0.000720618   0.00047715   0.000247668   0.000152027   9.35782e-05   
-0.0556603   0.0116177   0.00308427   0.00242562   0.00138023   0.000633857   0.000399281   0.000261726   0.000176272   0.0112416   0.00378587   0.00288886   0.00128493   0.000694004   0.000443567   0.000257032   0.000131251   0.00884949   0.00564856   1   0.00163934   0.000930179   0.000521823   0.000310187   0.000197543   0.00379316   0.00246362   0.0016745   0.00123384   0.000978452   0.000590345   0.000354614   0.000212257   0.00925887   0.00529929   0.00300627   0.00136184   0.000901731   0.000468051   0.000287305   0.000176847   
-0.101455   0.0211761   0.00562184   0.00442128   0.00251581   0.00115536   0.000727788   0.000477061   0.000321299   0.0204905   0.00690068   0.00526566   0.00234209   0.00126499   0.00080851   0.000468505   0.000239238   0.0161307   1   0.00564856   0.0029881   0.00169322   0.00095115   0.000563127   0.000360071   0.00691397   0.00449055   0.00305218   0.00224898   0.00178347   0.00107605   0.000646371   0.000386891   0.0168766   0.00965925   0.00547966   0.0024823   0.00164363   0.000853137   0.000523684   0.000322347   
-0.158994   0.033186   0.00881023   0.00692879   0.00394263   0.00181062   0.00114055   0.000747623   0.000503522   0.0321116   0.0108144   0.00825206   0.0036704   0.00198243   0.00126705   0.000734215   0.00037492   1   0.0161307   0.00884949   0.00468279   0.00265335   0.00149059   0.000882066   0.000564284   0.0108352   0.00703733   0.00478322   0.00352448   0.00279495   0.00168632   0.00101296   0.000606315   0.026448   0.0151374   0.00858741   0.00389012   0.0025758   0.00133699   0.000820689   0.000505164   
-0.00235808   0.000492188   0.000130666   0.000102762   5.8474e-05   2.68537e-05   1.69157e-05   1.10882e-05   7.46784e-06   0.000476255   0.00016039   0.000122388   5.44365e-05   2.94018e-05   1.87919e-05   1.08893e-05   1   0.00037492   0.000239238   0.000131251   6.94514e-05   3.93484e-05   2.21073e-05   1.30821e-05   8.36901e-06   0.000160699   0.000104372   7.09409e-05   5.22724e-05   4.14526e-05   2.50102e-05   1.50234e-05   8.99238e-06   0.000392256   0.000224507   0.000127362   5.76951e-05   3.82023e-05   1.98292e-05   1.21718e-05   7.49219e-06   
-0.00461788   0.000963864   0.000255887   0.000201242   0.000114511   5.25882e-05   3.31265e-05   2.17142e-05   1.46245e-05   0.000932661   0.000314096   0.000239676   0.000106604   5.75783e-05   3.68007e-05   1   1.08893e-05   0.000734215   0.000468505   0.000257032   0.000136008   7.70569e-05   4.32932e-05   2.5619e-05   1.63892e-05   0.000314701   0.000204395   0.000138925   0.000102366   8.11776e-05   4.89781e-05   2.94206e-05   1.761e-05   0.000768165   0.000439657   0.000249416   0.000112986   7.48124e-05   3.8832e-05   2.38364e-05   1.46721e-05   
-0.00796918   0.00166336   0.000441591   0.000347288   0.000197615   9.07527e-05   5.71672e-05   3.74728e-05   2.52378e-05   0.00160924   0.000542043   0.000413614   0.00018369   9.93643e-05   1   3.68007e-05   1.87919e-05   0.00126705   0.00080851   0.000443567   0.000234713   0.000132979   7.47121e-05   4.42114e-05   2.82833e-05   0.000543087   0.000352729   0.000239747   0.000176656   0.00014009   8.45228e-05   5.07719e-05   3.039e-05   0.00132564   0.000758727   0.000430423   0.000194982   0.000129106   6.70133e-05   4.1135e-05   2.53201e-05   
-0.0124686   0.0026025   0.000690912   0.000543366   0.000309187   0.000141991   8.94437e-05   5.86298e-05   3.9487e-05   0.00251797   0.000848079   0.000647139   0.000287838   1   9.93643e-05   5.75783e-05   2.94018e-05   0.00198243   0.00126499   0.000694004   0.000367231   0.000208059   0.000116894   6.9173e-05   4.4252e-05   0.000849713   0.000551879   0.000375107   0.000276395   0.000219185   0.000132244   7.94376e-05   4.75481e-05   0.00207409   0.0011871   0.000673438   0.000305069   0.000201998   0.000104849   6.43597e-05   3.96157e-05   
-0.0230851   0.00481843   0.0012792   0.00100603   0.00057245   0.000262893   0.000165602   0.000108551   7.31088e-05   0.00466218   0.00157019   0.00119816   1   0.000287838   0.00018369   0.000106604   5.44365e-05   0.0036704   0.00234209   0.00128493   0.000679917   0.000385214   0.000216426   0.000128072   8.19311e-05   0.00157322   0.00102179   0.000694499   0.000511737   0.000405813   0.000244846   0.000147076   8.80338e-05   0.00384012   0.00219788   0.00124685   0.000564825   0.000373993   0.000194124   0.00011916   7.33472e-05   
-0.0519017   0.0108332   0.00287599   0.00226182   0.00128702   0.000591054   0.000372319   0.000244052   0.000164369   0.0104825   0.00353022   1   0.00119816   0.000647139   0.000413614   0.000239676   0.000122388   0.00825206   0.00526566   0.00288886   0.00152864   0.000866065   0.000486585   0.00028794   0.000184204   0.00353702   0.00229725   0.00156142   0.00115052   0.000912379   0.00055048   0.000330667   0.000197924   0.00863363   0.00494144   0.00280326   0.00126988   0.000840839   0.000436444   0.000267904   0.000164905   
-0.0680174   0.0141969   0.003769   0.00296412   0.00168665   0.000774579   0.000487925   0.000319832   0.000215406   0.0137373   1   0.00353022   0.00157019   0.000848079   0.000542043   0.000314096   0.00016039   0.0108144   0.00690068   0.00378587   0.00200329   0.00113498   0.000637672   0.000377346   0.0002414   0.00463528   0.00301056   0.00204625   0.00150777   0.00119568   0.000721406   0.000433341   0.00025938   0.0113144   0.00647577   0.00367368   0.00166418   0.00110192   0.000571962   0.000351089   0.000216108   
-0.201968   0.0421556   0.0111915   0.00880153   0.00500826   0.0023   0.00144882   0.000949694   0.000639616   1   0.0137373   0.0104825   0.00466218   0.00251797   0.00160924   0.000932661   0.000476255   0.0321116   0.0204905   0.0112416   0.00594847   0.00337016   0.00189347   0.00112047   0.0007168   0.0137638   0.00893941   0.00607604   0.00447709   0.00355039   0.00214211   0.00128674   0.000770192   0.0335965   0.0192289   0.0109085   0.00494155   0.003272   0.00169836   0.00104251   0.000641701   
-0.00316692   0.000660741   0.000175487   0.000138011   7.85313e-05   3.60648e-05   2.2718e-05   1.48915e-05   1   0.000639616   0.000215406   0.000164369   7.31088e-05   3.9487e-05   2.52378e-05   1.46245e-05   7.46784e-06   0.000503522   0.000321299   0.000176272   9.3274e-05   5.28453e-05   2.96903e-05   1.75694e-05   1.12397e-05   0.000215821   0.000140173   9.52744e-05   7.02024e-05   5.56713e-05   3.3589e-05   2.01766e-05   1.20769e-05   0.000526805   0.000301515   0.000171048   7.74853e-05   5.13061e-05   2.66308e-05   1.63469e-05   1.00621e-05   
-0.00470221   0.000981193   0.00026056   0.000204917   0.000116602   5.35485e-05   3.37315e-05   1   1.48915e-05   0.000949694   0.000319832   0.000244052   0.000108551   5.86298e-05   3.74728e-05   2.17142e-05   1.10882e-05   0.000747623   0.000477061   0.000261726   0.000138492   7.84641e-05   4.40838e-05   2.60869e-05   1.66885e-05   0.000320448   0.000208127   0.000141462   0.000104236   8.266e-05   4.98726e-05   2.99579e-05   1.79316e-05   0.000782193   0.000447686   0.000253971   0.000115049   7.61786e-05   3.95411e-05   2.42717e-05   1.49401e-05   
-0.00717354   0.00149702   0.000397502   0.000312615   0.000177885   8.16919e-05   1   3.37315e-05   2.2718e-05   0.00144882   0.000487925   0.000372319   0.000165602   8.94437e-05   5.71672e-05   3.31265e-05   1.69157e-05   0.00114055   0.000727788   0.000399281   0.000211279   0.000119702   6.72528e-05   3.97973e-05   2.54595e-05   0.000488865   0.000317512   0.00021581   0.000159019   0.000126103   7.6084e-05   4.57028e-05   2.73559e-05   0.00119329   0.000682975   0.000387449   0.000175515   0.000116216   6.03227e-05   3.70281e-05   2.27921e-05   
-0.011388   0.00237667   0.000630754   0.000495996   0.000282112   1   8.16919e-05   5.35485e-05   3.60648e-05   0.0023   0.000774579   0.000591054   0.000262893   0.000141991   9.07527e-05   5.25882e-05   2.68537e-05   0.00181062   0.00115536   0.000633857   0.000335405   0.000190027   0.000106764   6.3178e-05   4.04168e-05   0.000776071   0.000504049   0.000342598   0.000252441   0.000200189   0.000120783   7.25531e-05   4.34273e-05   0.00189434   0.00108422   0.000615074   0.00027863   0.000184492   9.57619e-05   5.87819e-05   3.61824e-05   
-0.0247974   0.00517555   0.00137408   0.00108064   1   0.000282112   0.000177885   0.000116602   7.85313e-05   0.00500826   0.00168665   0.00128702   0.00057245   0.000309187   0.000197615   0.000114511   5.8474e-05   0.00394263   0.00251581   0.00138023   0.000730346   0.000413785   0.000232478   0.000137571   8.8008e-05   0.0016899   0.00109757   0.00074601   0.000549693   0.000435912   0.000263006   0.000157985   9.45633e-05   0.00412494   0.0023609   0.00133933   0.000606718   0.000401732   0.000208522   0.000127998   7.87874e-05   
-0.0435789   0.00909572   0.00241481   1   0.00108064   0.000495996   0.000312615   0.000204917   0.000138011   0.00880153   0.00296412   0.00226182   0.00100603   0.000543366   0.000347288   0.000201242   0.000102762   0.00692879   0.00442128   0.00242562   0.00128351   0.000727186   0.000408558   0.000241767   0.000154665   0.00296983   0.00192887   0.00131104   0.000966031   0.000766073   0.000462207   0.000277643   0.000166186   0.00724917   0.00414904   0.00235374   0.00106625   0.000706005   0.000366457   0.000224944   0.000138461   
-0.0554123   0.0115656   1   0.00241481   0.00137408   0.000630754   0.000397502   0.00026056   0.000175487   0.0111915   0.003769   0.00287599   0.0012792   0.000690912   0.000441591   0.000255887   0.000130666   0.00881023   0.00562184   0.00308427   0.00163204   0.000924646   0.000519498   0.000307416   0.000196663   0.00377626   0.00245264   0.00166704   0.00122835   0.000974092   0.000587714   0.000353034   0.000211312   0.00921762   0.00527568   0.00299287   0.00135578   0.000897714   0.000465965   0.000286025   0.000176059   
-0.208725   1   0.0115656   0.00909572   0.00517555   0.00237667   0.00149702   0.000981193   0.000660741   0.0421556   0.0141969   0.0108332   0.00481843   0.0026025   0.00166336   0.000963864   0.000492188   0.033186   0.0211761   0.0116177   0.00614748   0.00348291   0.00195682   0.00115796   0.000740781   0.0142243   0.00923849   0.00627932   0.00462688   0.00366917   0.00221378   0.00132979   0.000795959   0.0347205   0.0198722   0.0112734   0.00510687   0.00338147   0.00175518   0.00107739   0.00066317   
1   -0.208725   -0.0554123   -0.0435789   -0.0247974   -0.011388   -0.00717354   -0.00470221   -0.00316692   -0.201968   -0.0680174   -0.0519017   -0.0230851   -0.0124686   -0.00796918   -0.00461788   -0.00235808   -0.158994   -0.101455   -0.0556603   -0.0294526   -0.0166867   -0.00937513   -0.00554779   -0.00354909   -0.0681484   -0.0442616   -0.0300842   -0.0221674   -0.017579   -0.0106062   -0.00637103   -0.00381344   -0.166346   -0.0952076   -0.0540109   -0.0244671   -0.0162006   -0.00840905   -0.00516176   -0.00317725   


NLL
7713.56740

