NUISANCE_PARAMETERS
gamma_stat_SR__PNN_RUN2_bin_0  1 +0.0606711 -0.0606711
gamma_stat_SR__PNN_RUN2_bin_1  1 +0.0569108 -0.0569108
gamma_stat_SR__PNN_RUN2_bin_2  1 +0.0838174 -0.0838174
gamma_stat_SR__PNN_RUN2_bin_3  1 +0.0452564 -0.0452564
gamma_stat_SR__PNN_RUN2_bin_4  1 +0.0539329 -0.0539329
gamma_stat_SR__PNN_RUN2_bin_5  1 +0.0627098 -0.0627098
gamma_stat_SR__PNN_RUN2_bin_6  1 +0.135058 -0.135058
gamma_stat_SR__PNN_RUN2_bin_7  1 +0.176745 -0.176745
gamma_stat_SR__PNN_RUN3_bin_0  1 +0.0517928 -0.0517928
gamma_stat_SR__PNN_RUN3_bin_1  1 +0.054506 -0.054506
gamma_stat_SR__PNN_RUN3_bin_2  1 +0.0562814 -0.0562814
gamma_stat_SR__PNN_RUN3_bin_3  1 +0.0648204 -0.0648204
gamma_stat_SR__PNN_RUN3_bin_4  1 +0.0953543 -0.0953543
gamma_stat_SR__PNN_RUN3_bin_5  1 +0.120372 -0.120372
gamma_stat_SR__PNN_RUN3_bin_6  1 +0.172404 -0.172404
mu_XS_hh  0.999999 +9.41463 -7.8364


CORRELATION_MATRIX
16   16
-0.00636329   0.00274554   0.00112813   0.000638228   0.000309547   0.000159725   0.000101247   7.10221e-05   0.00154387   0.00111591   0.000441346   0.000299162   0.000164907   0.000172049   6.94364e-05   1   
-0.010912   0.00470816   0.0019347   0.00109446   0.000530822   0.000273903   0.000173623   0.000121791   0.0026464   0.00191361   0.000756837   0.000513014   0.000282789   0.000295037   1   6.94364e-05   
-0.0270378   0.0116659   0.00479407   0.00271184   0.00131527   0.000678675   0.000430202   0.000301774   0.00655347   0.00474153   0.00187529   0.00127114   0.000700693   1   0.000295037   0.000172049   
-0.0259153   0.0111816   0.00459505   0.00259927   0.00126067   0.000650501   0.000412343   0.000289247   0.00628142   0.00454469   0.00179744   0.00121838   1   0.000700693   0.000282789   0.000164907   
-0.0470137   0.0202848   0.00833615   0.0047154   0.00228701   0.00118009   0.000748042   0.00052473   0.0113953   0.00824464   0.00326078   1   0.00121838   0.00127114   0.000513014   0.000299162   
-0.0693581   0.0299256   0.0122982   0.00695651   0.00337397   0.00174096   0.00110357   0.000774121   0.0168127   0.0121631   1   0.00326078   0.00179744   0.00187529   0.000756837   0.000441346   
-0.175367   0.0756647   0.0310954   0.017589   0.00853083   0.00440189   0.00279029   0.00195731   0.0425058   1   0.0121631   0.00824464   0.00454469   0.00474153   0.00191361   0.00111591   
-0.242382   0.10458   0.0429788   0.0243105   0.0117908   0.00608404   0.00385658   0.00270528   1   0.0425058   0.0168127   0.0113953   0.00628142   0.00655347   0.0026464   0.00154387   
-0.0111612   0.00481568   0.00197889   0.00111945   0.000542945   0.000280158   0.000177588   1   0.00270528   0.00195731   0.000774121   0.00052473   0.000289247   0.000301774   0.000121791   7.10221e-05   
-0.0159112   0.00686511   0.00282113   0.00159586   0.000774008   0.000399386   1   0.000177588   0.00385658   0.00279029   0.00110357   0.000748042   0.000412343   0.000430202   0.000173623   0.000101247   
-0.025101   0.0108302   0.00445066   0.00251759   0.00122106   1   0.000399386   0.000280158   0.00608404   0.00440189   0.00174096   0.00118009   0.000650501   0.000678675   0.000273903   0.000159725   
-0.0486457   0.0209889   0.00862553   0.00487908   1   0.00122106   0.000774008   0.000542945   0.0117908   0.00853083   0.00337397   0.00228701   0.00126067   0.00131527   0.000530822   0.000309547   
-0.100298   0.0432753   0.0177845   1   0.00487908   0.00251759   0.00159586   0.00111945   0.0243105   0.017589   0.00695651   0.0047154   0.00259927   0.00271184   0.00109446   0.000638228   
-0.177317   0.0765061   1   0.0177845   0.00862553   0.00445066   0.00282113   0.00197889   0.0429788   0.0310954   0.0122982   0.00833615   0.00459505   0.00479407   0.0019347   0.00112813   
-0.431465   1   0.0765061   0.0432753   0.0209889   0.0108302   0.00686511   0.00481568   0.10458   0.0756647   0.0299256   0.0202848   0.0111816   0.0116659   0.00470816   0.00274554   
1   -0.431465   -0.177317   -0.100298   -0.0486457   -0.025101   -0.0159112   -0.0111612   -0.242382   -0.175367   -0.0693581   -0.0470137   -0.0259153   -0.0270378   -0.010912   -0.00636329   


NLL
876.93561

