NUISANCE_PARAMETERS
gamma_stat_SR__PNN_RUN2_bin_0  1 +0.0953468 -0.0953468
gamma_stat_SR__PNN_RUN2_bin_1  1 +0.0814387 -0.0814387
gamma_stat_SR__PNN_RUN2_bin_2  1 +0.131192 -0.131192
gamma_stat_SR__PNN_RUN2_bin_3  1 +0.0756329 -0.0756329
gamma_stat_SR__PNN_RUN2_bin_4  1 +0.120712 -0.120712
gamma_stat_SR__PNN_RUN2_bin_5  1 +0.129486 -0.129486
gamma_stat_SR__PNN_RUN2_bin_6  1 +0.153506 -0.153506
mu_XS_hh  1 +14.4489 -10.3318


CORRELATION_MATRIX
8   8
-0.022955   0.00548041   0.00285888   0.00215694   0.000958857   0.00118949   0.000396176   1   
-0.0172588   0.00412047   0.00214946   0.0016217   0.00072092   0.00089432   1   0.000396176   
-0.0518182   0.0123714   0.00645359   0.00486902   0.00216451   1   0.00089432   0.00118949   
-0.0417712   0.00997269   0.0052023   0.00392497   1   0.00216451   0.00072092   0.000958857   
-0.0939636   0.0224334   0.0117025   1   0.00392497   0.00486902   0.0016217   0.00215694   
-0.124543   0.0297341   1   0.0117025   0.0052023   0.00645359   0.00214946   0.00285888   
-0.238746   1   0.0297341   0.0224334   0.00997269   0.0123714   0.00412047   0.00548041   
1   -0.238746   -0.124543   -0.0939636   -0.0417712   -0.0518182   -0.0172588   -0.022955   


NLL
35.71393

