NUISANCE_PARAMETERS
gamma_stat_SR__XGB_COMBINED_bin_0  1 +0.11323 -0.11323
gamma_stat_SR__XGB_COMBINED_bin_1  1 +0.111379 -0.111379
gamma_stat_SR__XGB_COMBINED_bin_2  1 +0.112503 -0.112503
gamma_stat_SR__XGB_COMBINED_bin_3  1 +0.116931 -0.116931
gamma_stat_SR__XGB_COMBINED_bin_4  1 +0.124556 -0.124556
gamma_stat_SR__XGB_COMBINED_bin_5  1 +0.110274 -0.110274
gamma_stat_SR__XGB_COMBINED_bin_6  1 +0.170588 -0.170588
mu_XS_hh  1 +7.59532 -5.27087


CORRELATION_MATRIX
8   8
-0.00353953   0.000963697   0.000268771   0.000215518   9.67375e-05   4.58261e-05   2.99289e-05   1   
-0.00845562   0.00230187   0.0006424   0.000514523   0.000231097   0.000109474   1   2.99289e-05   
-0.0129469   0.00352441   0.000983745   0.000787692   0.000353848   1   0.000109474   4.58261e-05   
-0.0273306   0.00743922   0.0020774   0.00166206   1   0.000353848   0.000231097   9.67375e-05   
-0.0608217   0.0165558   0.00462205   1   0.00166206   0.000787692   0.000514523   0.000215518   
-0.0760012   0.0206872   1   0.00462205   0.0020774   0.000983745   0.0006424   0.000268771   
-0.272202   1   0.0206872   0.0165558   0.00743922   0.00352441   0.00230187   0.000963697   
1   -0.272202   -0.0760012   -0.0608217   -0.0273306   -0.0129469   -0.00845562   -0.00353953   


NLL
34.04206

