NUISANCE_PARAMETERS
gamma_stat_SR__PNN_RUN3_bin_0  1 +0.0517975 -0.0517975
gamma_stat_SR__PNN_RUN3_bin_1  1 +0.0545137 -0.0545137
gamma_stat_SR__PNN_RUN3_bin_2  1 +0.0563034 -0.0563034
gamma_stat_SR__PNN_RUN3_bin_3  1 +0.0649153 -0.0649153
gamma_stat_SR__PNN_RUN3_bin_4  1 +0.0959466 -0.0959466
gamma_stat_SR__PNN_RUN3_bin_5  1 +0.122692 -0.122692
gamma_stat_SR__PNN_RUN3_bin_6  1 +0.191102 -0.191102
mu_XS_hh  1 +14.7724 -11.2793


CORRELATION_MATRIX
8   8
-0.0167423   0.00975111   0.0043627   0.0024999   0.00121808   0.00062907   0.000399201   1   
-0.0238439   0.0138872   0.00621323   0.00356028   0.00173476   0.000895902   1   0.000399201   
-0.0375737   0.0218836   0.00979094   0.00561037   0.00273367   1   0.000895902   0.00062907   
-0.0727548   0.0423735   0.0189584   0.0108635   1   0.00273367   0.00173476   0.00121808   
-0.149317   0.086964   0.0389088   1   0.0108635   0.00561037   0.00356028   0.0024999   
-0.26058   0.151765   1   0.0389088   0.0189584   0.00979094   0.00621323   0.0043627   
-0.582413   1   0.151765   0.086964   0.0423735   0.0218836   0.0138872   0.00975111   
1   -0.582413   -0.26058   -0.149317   -0.0727548   -0.0375737   -0.0238439   -0.0167423   


NLL
42.11111

