NUISANCE_PARAMETERS
gamma_stat_SR__GNN_COMBINED_bin_0  1 +0.0810728 -0.0810728
gamma_stat_SR__GNN_COMBINED_bin_1  1 +0.0890876 -0.0890876
gamma_stat_SR__GNN_COMBINED_bin_2  1 +0.0700272 -0.0700272
gamma_stat_SR__GNN_COMBINED_bin_3  1 +0.0819256 -0.0819256
gamma_stat_SR__GNN_COMBINED_bin_4  1 +0.101479 -0.101479
gamma_stat_SR__GNN_COMBINED_bin_5  1 +0.0964234 -0.0964234
gamma_stat_SR__GNN_COMBINED_bin_6  1 +0.0894602 -0.0894602
gamma_stat_SR__GNN_COMBINED_bin_7  1 +0.136193 -0.136193
mu_XS_hh  1 +13.9894 -11.8549


CORRELATION_MATRIX
9   9
-0.0194664   0.00612139   0.00393362   0.00373667   0.00305715   0.00159814   0.000919518   0.000921471   1   
-0.0473364   0.0148851   0.00956536   0.00908645   0.00743406   0.00388618   0.00223599   1   0.000921471   
-0.0472361   0.0148535   0.00954509   0.00906719   0.0074183   0.00387794   1   0.00223599   0.000919518   
-0.082097   0.0258155   0.0165895   0.0157589   0.0128931   1   0.00387794   0.00388618   0.00159814   
-0.157047   0.0493835   0.0317348   0.0301459   1   0.0128931   0.0074183   0.00743406   0.00305715   
-0.191955   0.0603602   0.0387886   1   0.0301459   0.0157589   0.00906719   0.00908645   0.00373667   
-0.202072   0.0635411   1   0.0387886   0.0317348   0.0165895   0.00954509   0.00956536   0.00393362   
-0.314449   1   0.0635411   0.0603602   0.0493835   0.0258155   0.0148535   0.0148851   0.00612139   
1   -0.314449   -0.202072   -0.191955   -0.157047   -0.082097   -0.0472361   -0.0473364   -0.0194664   


NLL
45.10056

