NUISANCE_PARAMETERS
gamma_stat_SR__PNN_RUN3_bin_0  1 +0.108144 -0.108144
gamma_stat_SR__PNN_RUN3_bin_1  1 +0.0811468 -0.0811468
gamma_stat_SR__PNN_RUN3_bin_2  1 +0.100963 -0.100963
gamma_stat_SR__PNN_RUN3_bin_3  1 +0.0686007 -0.0686007
gamma_stat_SR__PNN_RUN3_bin_4  1 +0.107685 -0.107685
gamma_stat_SR__PNN_RUN3_bin_5  1 +0.113092 -0.113092
gamma_stat_SR__PNN_RUN3_bin_6  1 +0.109461 -0.109461
gamma_stat_SR__PNN_RUN3_bin_7  1 +0.172537 -0.172537
mu_XS_hh  1 +14.7343 -10.8933


CORRELATION_MATRIX
9   9
-0.0121988   0.00305805   0.0017303   0.00145187   0.000966079   0.000440366   0.000352417   0.000228573   1   
-0.0187374   0.00469708   0.00265776   0.00223008   0.0014839   0.000676404   0.000541314   1   0.000228573   
-0.0288895   0.00724151   0.00409776   0.00343836   0.0022879   0.00104289   1   0.000541314   0.000352417   
-0.0360992   0.00904916   0.0051204   0.00429644   0.00285887   1   0.00104289   0.000676404   0.000440366   
-0.0791948   0.0198519   0.0112332   0.00942558   1   0.00285887   0.0022879   0.0014839   0.000966079   
-0.119018   0.0298342   0.0168818   1   0.00942558   0.00429644   0.00343836   0.00223008   0.00145187   
-0.141843   0.0355553   1   0.0168818   0.0112332   0.0051204   0.00409776   0.00265776   0.0017303   
-0.250669   1   0.0355553   0.0298342   0.0198519   0.00904916   0.00724151   0.00469708   0.00305805   
1   -0.250669   -0.141843   -0.119018   -0.0791948   -0.0360992   -0.0288895   -0.0187374   -0.0121988   


NLL
42.42282

