NUISANCE_PARAMETERS
gamma_stat_SR__MLP_RUN2_bin_0  1 +0.0477274 -0.0477274
gamma_stat_SR__MLP_RUN2_bin_1  1 +0.0564084 -0.0564084
gamma_stat_SR__MLP_RUN2_bin_2  1 +0.0939 -0.0939
gamma_stat_SR__MLP_RUN2_bin_3  1 +0.0659169 -0.0659169
gamma_stat_SR__MLP_RUN2_bin_4  1 +0.0510803 -0.0510803
gamma_stat_SR__MLP_RUN2_bin_5  1 +0.08444 -0.08444
gamma_stat_SR__MLP_RUN2_bin_6  1 +0.108391 -0.108391
gamma_stat_SR__MLP_RUN2_bin_7  1 +0.16534 -0.16534
gamma_stat_SR__MLP_RUN3_bin_0  1 +0.05216 -0.05216
gamma_stat_SR__MLP_RUN3_bin_1  1 +0.0504672 -0.0504672
gamma_stat_SR__MLP_RUN3_bin_2  1 +0.050549 -0.050549
gamma_stat_SR__MLP_RUN3_bin_3  1 +0.0678885 -0.0678885
gamma_stat_SR__MLP_RUN3_bin_4  1 +0.0672632 -0.0672632
gamma_stat_SR__MLP_RUN3_bin_5  1 +0.111157 -0.111157
gamma_stat_SR__MLP_RUN3_bin_6  1 +0.165658 -0.165658
mu_XS_hh  1 +10.9928 -9.40549


CORRELATION_MATRIX
16   16
-0.00910278   0.00441033   0.00183648   0.000747592   0.000486236   0.000224618   0.000139988   9.49036e-05   0.00233476   0.0014745   0.00100429   0.00043987   0.000407299   0.000310099   0.000149802   1   
-0.0164567   0.00797346   0.00331997   0.00135156   0.000879056   0.000406082   0.000253081   0.000171574   0.00422096   0.00266571   0.00181563   0.000795231   0.000736347   0.000560622   1   0.000149802   
-0.0340665   0.0165058   0.00687236   0.00279781   0.0018197   0.000840617   0.000523894   0.00035517   0.00873767   0.00551819   0.00375847   0.00164618   0.00152429   1   0.000560622   0.000310099   
-0.0447445   0.0216795   0.00902642   0.00367477   0.00239008   0.00110411   0.000688108   0.000466496   0.0114765   0.00724786   0.00493656   0.00216217   1   0.00152429   0.000736347   0.000407299   
-0.0483226   0.0234132   0.00974823   0.00396864   0.00258121   0.0011924   0.000743134   0.000503801   0.0123942   0.00782745   0.00533132   1   0.00216217   0.00164618   0.000795231   0.00043987   
-0.110328   0.053456   0.0222564   0.00906098   0.00589329   0.00272242   0.00169669   0.00115025   0.0282963   0.0178697   1   0.00533132   0.00493656   0.00375847   0.00181563   0.00100429   
-0.161983   0.0784842   0.0326768   0.0133033   0.00865253   0.00399706   0.00249107   0.0016888   0.0415454   1   0.0178697   0.00782745   0.00724786   0.00551819   0.00266571   0.0014745   
-0.256489   0.124274   0.0517413   0.0210649   0.0137007   0.00632906   0.00394444   0.0026741   1   0.0415454   0.0282963   0.0123942   0.0114765   0.00873767   0.00422096   0.00233476   
-0.0104258   0.00505135   0.00210337   0.000856248   0.000556906   0.000257264   0.000160334   1   0.0026741   0.0016888   0.00115025   0.000503801   0.000466496   0.00035517   0.000171574   9.49036e-05   
-0.0153786   0.0074511   0.00310249   0.00126301   0.000821467   0.000379479   1   0.000160334   0.00394444   0.00249107   0.00169669   0.000743134   0.000688108   0.000523894   0.000253081   0.000139988   
-0.0246758   0.0119558   0.00497799   0.00202657   0.00131809   1   0.000379479   0.000257264   0.00632906   0.00399706   0.00272242   0.0011924   0.00110411   0.000840617   0.000406082   0.000224618   
-0.0534162   0.0258812   0.0107758   0.00438697   1   0.00131809   0.000821467   0.000556906   0.0137007   0.00865253   0.00589329   0.00258121   0.00239008   0.0018197   0.000879056   0.000486236   
-0.0821279   0.0397926   0.0165677   1   0.00438697   0.00202657   0.00126301   0.000856248   0.0210649   0.0133033   0.00906098   0.00396864   0.00367477   0.00279781   0.00135156   0.000747592   
-0.201728   0.0977418   1   0.0165677   0.0107758   0.00497799   0.00310249   0.00210337   0.0517413   0.0326768   0.0222564   0.00974823   0.00902642   0.00687236   0.00331997   0.00183648   
-0.484522   1   0.0977418   0.0397926   0.0258812   0.0119558   0.0074511   0.00505135   0.124274   0.0784842   0.053456   0.0234132   0.0216795   0.0165058   0.00797346   0.00441033   
1   -0.484522   -0.201728   -0.0821279   -0.0534162   -0.0246758   -0.0153786   -0.0104258   -0.256489   -0.161983   -0.110328   -0.0483226   -0.0447445   -0.0340665   -0.0164567   -0.00910278   


NLL
886.77597

