NUISANCE_PARAMETERS
gamma_stat_SR__GNN_COMBINED_bin_0  1 +0.0365579 -0.0365579
gamma_stat_SR__GNN_COMBINED_bin_1  1 +0.0400553 -0.0400553
gamma_stat_SR__GNN_COMBINED_bin_2  1 +0.0463569 -0.0463569
gamma_stat_SR__GNN_COMBINED_bin_3  1 +0.0504561 -0.0504561
gamma_stat_SR__GNN_COMBINED_bin_4  1 +0.0431469 -0.0431469
gamma_stat_SR__GNN_COMBINED_bin_5  1 +0.0454859 -0.0454859
gamma_stat_SR__GNN_COMBINED_bin_6  1 +0.0571438 -0.0571438
gamma_stat_SR__GNN_COMBINED_bin_7  1 +0.083052 -0.083052
mu_XS_hh  1 +12.9155 -11.8027


CORRELATION_MATRIX
9   9
-0.0197719   0.00645921   0.00434411   0.00305801   0.00226433   0.00189748   0.0011302   0.000654461   1   
-0.0331005   0.0108135   0.00727254   0.00511946   0.00379074   0.0031766   0.00189208   1   0.000654461   
-0.0571617   0.0186739   0.012559   0.00884086   0.00654629   0.00548571   1   0.00189208   0.0011302   
-0.0959683   0.0313515   0.0210853   0.0148428   0.0109905   1   0.00548571   0.0031766   0.00189748   
-0.114522   0.0374128   0.0251618   0.0177125   1   0.0109905   0.00654629   0.00379074   0.00226433   
-0.154664   0.0505266   0.0339814   1   0.0177125   0.0148428   0.00884086   0.00511946   0.00305801   
-0.219711   0.0717765   1   0.0339814   0.0251618   0.0210853   0.012559   0.00727254   0.00434411   
-0.326686   1   0.0717765   0.0505266   0.0374128   0.0313515   0.0186739   0.0108135   0.00645921   
1   -0.326686   -0.219711   -0.154664   -0.114522   -0.0959683   -0.0571617   -0.0331005   -0.0197719   


NLL
55.28600

