NUISANCE_PARAMETERS
gamma_stat_SR__MLP_COMBINED_bin_0  1 +0.0424209 -0.0424209
gamma_stat_SR__MLP_COMBINED_bin_1  1 +0.0381961 -0.0381961
gamma_stat_SR__MLP_COMBINED_bin_2  1 +0.0518329 -0.0518329
gamma_stat_SR__MLP_COMBINED_bin_3  1 +0.0520145 -0.0520145
gamma_stat_SR__MLP_COMBINED_bin_4  1 +0.0584082 -0.0584082
gamma_stat_SR__MLP_COMBINED_bin_5  1 +0.0882086 -0.0882086
gamma_stat_SR__MLP_COMBINED_bin_6  1 +0.126085 -0.126085
gamma_stat_SR__MLP_COMBINED_bin_7  1 +0.181495 -0.181495
mu_XS_hh  1 +9.69726 -7.77052


CORRELATION_MATRIX
9   9
-0.012841   0.00597273   0.00434484   0.00272119   0.00137402   0.000815286   0.000491557   0.000262023   1   
-0.0204052   0.00949099   0.00690426   0.00432417   0.00218342   0.00129555   0.000781119   1   0.000262023   
-0.0382804   0.017805   0.0129525   0.00811217   0.00409611   0.00243046   1   0.000781119   0.000491557   
-0.063491   0.029531   0.0214827   0.0134547   0.00679372   1   0.00243046   0.00129555   0.000815286   
-0.107003   0.0497691   0.0362053   0.0226755   1   0.00679372   0.00409611   0.00218342   0.00137402   
-0.211915   0.0985655   0.071703   1   0.0226755   0.0134547   0.00811217   0.00432417   0.00272119   
-0.338358   0.157376   1   0.071703   0.0362053   0.0214827   0.0129525   0.00690426   0.00434484   
-0.465118   1   0.157376   0.0985655   0.0497691   0.029531   0.017805   0.00949099   0.00597273   
1   -0.465118   -0.338358   -0.211915   -0.107003   -0.063491   -0.0382804   -0.0204052   -0.012841   


NLL
50.74402

