NUISANCE_PARAMETERS
gamma_stat_SR__MLP_RUN2_bin_0  1 +0.0875749 -0.0875749
gamma_stat_SR__MLP_RUN2_bin_1  1 +0.102046 -0.102046
gamma_stat_SR__MLP_RUN2_bin_2  1 +0.115856 -0.115856
gamma_stat_SR__MLP_RUN2_bin_3  1 +0.169118 -0.169118
gamma_stat_SR__MLP_RUN2_bin_4  1 +0.115924 -0.115924
mu_XS_hh  1 +12.0408 -8.31276


CORRELATION_MATRIX
6   6
-0.0166941   0.00319137   0.00210813   0.001043   0.00117059   1   
-0.0701198   0.0134046   0.00885472   0.0043809   1   0.00117059   
-0.0624773   0.0119436   0.00788964   1   0.0043809   0.001043   
-0.12628   0.0241406   1   0.00788964   0.00885472   0.00210813   
-0.191167   1   0.0241406   0.0119436   0.0134046   0.00319137   
1   -0.191167   -0.12628   -0.0624773   -0.0701198   -0.0166941   


NLL
24.56020

