NUISANCE_PARAMETERS
gamma_stat_SR__DNN_RUN3_bin_0  1 +0.0687715 -0.0687715
gamma_stat_SR__DNN_RUN3_bin_1  1 +0.0745934 -0.0745934
gamma_stat_SR__DNN_RUN3_bin_2  1 +0.103099 -0.103099
gamma_stat_SR__DNN_RUN3_bin_3  1 +0.0801558 -0.0801558
gamma_stat_SR__DNN_RUN3_bin_4  1 +0.121889 -0.121889
gamma_stat_SR__DNN_RUN3_bin_5  1 +0.142027 -0.142027
gamma_stat_SR__DNN_RUN3_bin_6  1 +0.162169 -0.162169
mu_XS_hh  1 +12.4741 -8.69562


CORRELATION_MATRIX
8   8
-0.0118044   0.00304449   0.00173281   0.00117771   0.000502594   0.000385869   0.000185974   1   
-0.0157546   0.00406336   0.00231266   0.00157181   0.000670779   0.000514993   1   0.000185974   
-0.0326884   0.00843155   0.00479842   0.00326128   0.00139177   1   0.000514993   0.000385869   
-0.0425767   0.0109816   0.00624995   0.00424782   1   0.00139177   0.000670779   0.000502594   
-0.0997686   0.0257336   0.0146453   1   0.00424782   0.00326128   0.00157181   0.00117771   
-0.146793   0.037862   1   0.0146453   0.00624995   0.00479842   0.00231266   0.00173281   
-0.25793   1   0.037862   0.0257336   0.0109816   0.00843155   0.00406336   0.00304449   
1   -0.25793   -0.146793   -0.0997686   -0.0425767   -0.0326884   -0.0157546   -0.0118044   


NLL
37.36397

