NUISANCE_PARAMETERS
gamma_stat_SR__PNN_RUN2_bin_0  1 +0.0953347 -0.0953347
gamma_stat_SR__PNN_RUN2_bin_1  1 +0.0814335 -0.0814335
gamma_stat_SR__PNN_RUN2_bin_2  1 +0.131107 -0.131107
gamma_stat_SR__PNN_RUN2_bin_3  1 +0.0756015 -0.0756015
gamma_stat_SR__PNN_RUN2_bin_4  1 +0.120457 -0.120457
gamma_stat_SR__PNN_RUN2_bin_5  1 +0.129005 -0.129005
gamma_stat_SR__PNN_RUN2_bin_6  1 +0.151402 -0.151402
gamma_stat_SR__PNN_RUN3_bin_0  1 +0.10814 -0.10814
gamma_stat_SR__PNN_RUN3_bin_1  1 +0.0811394 -0.0811394
gamma_stat_SR__PNN_RUN3_bin_2  1 +0.100942 -0.100942
gamma_stat_SR__PNN_RUN3_bin_3  1 +0.068577 -0.068577
gamma_stat_SR__PNN_RUN3_bin_4  1 +0.10751 -0.10751
gamma_stat_SR__PNN_RUN3_bin_5  1 +0.11268 -0.11268
gamma_stat_SR__PNN_RUN3_bin_6  1 +0.108894 -0.108894
gamma_stat_SR__PNN_RUN3_bin_7  1 +0.16974 -0.16974
mu_XS_hh  1 +9.89179 -7.89278


CORRELATION_MATRIX
16   16
-0.0165158   0.00292337   0.00163562   0.0013703   0.000909895   0.000414204   0.00033151   0.000214948   0.000139959   0.00287706   0.00148583   0.00111888   0.00049655   0.000616124   0.0002051   1   
-0.0124185   0.00219812   0.00122985   0.00103035   0.000684165   0.000311447   0.000249268   0.000161623   0.000105237   0.00216341   0.00111732   0.000841307   0.000373364   0.000463273   1   0.0002051   
-0.0373052   0.00660319   0.00369447   0.00309517   0.00205524   0.000935589   0.000748803   0.000485516   0.000316134   0.00649807   0.00335559   0.00252729   0.00112159   1   0.000463273   0.000616124   
-0.0300652   0.00532168   0.00297747   0.00249448   0.00165637   0.000754015   0.000603479   0.00039129   0.000254781   0.00523662   0.00270401   0.00203681   1   0.00112159   0.000373364   0.00049655   
-0.0677464   0.0119914   0.00670918   0.00562085   0.00373232   0.00169904   0.00135983   0.0008817   0.000574102   0.0118002   0.00609343   1   0.00203681   0.00252729   0.000841307   0.00111888   
-0.0899384   0.0159195   0.00890693   0.00746209   0.00495493   0.00225559   0.00180527   0.00117052   0.000762162   0.0156655   1   0.00609343   0.00270401   0.00335559   0.00111732   0.00148583   
-0.174176   0.0308299   0.0172492   0.0144512   0.00959577   0.00436821   0.00349611   0.00226684   0.00147601   1   0.0156655   0.0118002   0.00523662   0.00649807   0.00216341   0.00287706   
-0.00847427   0.00149998   0.000838387   0.000703101   0.000466869   0.000212529   0.000170099   0.00011029   1   0.00147601   0.000762162   0.000574102   0.000254781   0.000316134   0.000105237   0.000139959   
-0.0130147   0.00230366   0.00128804   0.00107982   0.000717013   0.0003264   0.000261236   1   0.00011029   0.00226684   0.00117052   0.0008817   0.00039129   0.000485516   0.000161623   0.000214948   
-0.0200724   0.0035529   0.00198699   0.00166538   0.00110584   0.000503401   1   0.000261236   0.000170099   0.00349611   0.00180527   0.00135983   0.000603479   0.000748803   0.000249268   0.00033151   
-0.0250793   0.00443916   0.0024837   0.00208081   0.00138168   1   0.000503401   0.0003264   0.000212529   0.00436821   0.00225559   0.00169904   0.000754015   0.000935589   0.000311447   0.000414204   
-0.0550925   0.00975163   0.00545517   0.00457097   1   0.00138168   0.00110584   0.000717013   0.000466869   0.00959577   0.00495493   0.00373232   0.00165637   0.00205524   0.000684165   0.000909895   
-0.0829689   0.014685   0.00821587   1   0.00457097   0.00208081   0.00166538   0.00107982   0.000703101   0.0144512   0.00746209   0.00562085   0.00249448   0.00309517   0.00103035   0.0013703   
-0.0990337   0.0175286   1   0.00821587   0.00545517   0.0024837   0.00198699   0.00128804   0.000838387   0.0172492   0.00890693   0.00670918   0.00297747   0.00369447   0.00122985   0.00163562   
-0.177005   1   0.0175286   0.014685   0.00975163   0.00443916   0.0035529   0.00230366   0.00149998   0.0308299   0.0159195   0.0119914   0.00532168   0.00660319   0.00219812   0.00292337   
1   -0.177005   -0.0990337   -0.0829689   -0.0550925   -0.0250793   -0.0200724   -0.0130147   -0.00847427   -0.174176   -0.0899384   -0.0677464   -0.0300652   -0.0373052   -0.0124185   -0.0165158   


NLL
390.80748

