NUISANCE_PARAMETERS
gamma_stat_SR__PNN_RUN3_bin_0  1 +0.130545 -0.130545
gamma_stat_SR__PNN_RUN3_bin_1  1 +0.138344 -0.138344
gamma_stat_SR__PNN_RUN3_bin_2  1 +0.123179 -0.123179
gamma_stat_SR__PNN_RUN3_bin_3  1 +0.127898 -0.127898
gamma_stat_SR__PNN_RUN3_bin_4  1 +0.116209 -0.116209
gamma_stat_SR__PNN_RUN3_bin_5  1 +0.158296 -0.158296
mu_XS_hh  1 +14.3838 -10.1295


CORRELATION_MATRIX
7   7
-0.0191026   0.00478714   0.00151069   0.001252   0.000750297   0.000406364   1   
-0.0212727   0.00533128   0.00168231   0.00139424   0.000835535   1   0.000406364   
-0.0392773   0.00984338   0.00310616   0.00257427   1   0.000835535   0.000750297   
-0.0655411   0.0164253   0.00518347   1   0.00257427   0.00139424   0.001252   
-0.079083   0.0198191   1   0.00518347   0.00310616   0.00168231   0.00151069   
-0.250609   1   0.0198191   0.0164253   0.00984338   0.00533128   0.00478714   
1   -0.250609   -0.079083   -0.0655411   -0.0392773   -0.0212727   -0.0191026   


NLL
27.71943

