NUISANCE_PARAMETERS
gamma_stat_SR__XGB_RUN2_bin_0  1 +0.0785395 -0.0785395
gamma_stat_SR__XGB_RUN2_bin_1  1 +0.0583906 -0.0583906
gamma_stat_SR__XGB_RUN2_bin_2  1 +0.0904667 -0.0904667
gamma_stat_SR__XGB_RUN2_bin_3  1 +0.0527673 -0.0527673
gamma_stat_SR__XGB_RUN2_bin_4  1 +0.0533842 -0.0533842
gamma_stat_SR__XGB_RUN2_bin_5  1 +0.0568182 -0.0568182
gamma_stat_SR__XGB_RUN2_bin_6  1 +0.0997561 -0.0997561
gamma_stat_SR__XGB_RUN2_bin_7  1 +0.176922 -0.176922
gamma_stat_SR__XGB_RUN3_bin_0  1 +0.0607831 -0.0607831
gamma_stat_SR__XGB_RUN3_bin_1  1 +0.0596821 -0.0596821
gamma_stat_SR__XGB_RUN3_bin_2  1 +0.052391 -0.052391
gamma_stat_SR__XGB_RUN3_bin_3  1 +0.0715683 -0.0715683
gamma_stat_SR__XGB_RUN3_bin_4  1 +0.0882544 -0.0882544
gamma_stat_SR__XGB_RUN3_bin_5  1 +0.0883984 -0.0883984
gamma_stat_SR__XGB_RUN3_bin_6  1 +0.154969 -0.154969
gamma_stat_SR__XGB_RUN3_bin_7  1 +0.113228 -0.113228
mu_XS_hh  1 +7.38051 -5.92882


CORRELATION_MATRIX
17   17
-0.00413017   0.000643246   0.000809968   0.000389021   0.00026379   0.000154289   6.87739e-05   5.09815e-05   3.42204e-05   0.00105288   0.000392252   0.000180071   0.000128037   7.56996e-05   7.10913e-05   3.34871e-05   1   
-0.00810792   0.00126276   0.00159005   0.000763687   0.000517846   0.000302884   0.00013501   0.000100082   6.7178e-05   0.00206691   0.000770029   0.000353497   0.00025135   0.000148606   0.000139559   1   3.34871e-05   
-0.0172127   0.00268076   0.00337558   0.00162127   0.00109936   0.000643006   0.000286619   0.000212468   0.000142615   0.00438795   0.00163473   0.000750456   0.000533603   0.000315482   1   0.000139559   7.10913e-05   
-0.0183285   0.00285453   0.0035944   0.00172636   0.00117062   0.000684687   0.000305198   0.000226241   0.00015186   0.00467238   0.0017407   0.000799102   0.000568192   1   0.000315482   0.000148606   7.56996e-05   
-0.0310005   0.00482813   0.00607952   0.00291995   0.00197998   0.00115807   0.000516209   0.000382661   0.000256854   0.00790282   0.0029442   0.00135159   1   0.000568192   0.000533603   0.00025135   0.000128037   
-0.043599   0.00679025   0.00855021   0.0041066   0.00278463   0.00162871   0.000725994   0.000538173   0.000361239   0.0111145   0.0041407   1   0.00135159   0.000799102   0.000750456   0.000353497   0.000180071   
-0.0949725   0.0147913   0.0186251   0.00894548   0.00606581   0.00354784   0.00158145   0.00117231   0.000786892   0.0242109   1   0.0041407   0.0029442   0.0017407   0.00163473   0.000770029   0.000392252   
-0.254925   0.0397029   0.0499934   0.0240115   0.0162819   0.00952311   0.00424492   0.00314672   0.00211218   1   0.0242109   0.0111145   0.00790282   0.00467238   0.00438795   0.00206691   0.00105288   
-0.00828548   0.00129041   0.00162487   0.000780412   0.000529187   0.000309517   0.000137967   0.000102273   1   0.00211218   0.000786892   0.000361239   0.000256854   0.00015186   0.000142615   6.7178e-05   3.42204e-05   
-0.0123437   0.00192245   0.00242072   0.00116266   0.000788381   0.000461117   0.000205542   1   0.000102273   0.00314672   0.00117231   0.000538173   0.000382661   0.000226241   0.000212468   0.000100082   5.09815e-05   
-0.0166516   0.00259338   0.00326555   0.00156842   0.00106352   0.000622046   1   0.000205542   0.000137967   0.00424492   0.00158145   0.000725994   0.000516209   0.000305198   0.000286619   0.00013501   6.87739e-05   
-0.0373565   0.00581803   0.00732599   0.00351862   0.00238593   1   0.000622046   0.000461117   0.000309517   0.00952311   0.00354784   0.00162871   0.00115807   0.000684687   0.000643006   0.000302884   0.000154289   
-0.0638692   0.0099472   0.0125254   0.00601585   1   0.00238593   0.00106352   0.000788381   0.000529187   0.0162819   0.00606581   0.00278463   0.00197998   0.00117062   0.00109936   0.000517846   0.00026379   
-0.0941903   0.0146695   0.0184717   1   0.00601585   0.00351862   0.00156842   0.00116266   0.000780412   0.0240115   0.00894548   0.0041066   0.00291995   0.00172636   0.00162127   0.000763687   0.000389021   
-0.19611   0.0305429   1   0.0184717   0.0125254   0.00732599   0.00326555   0.00242072   0.00162487   0.0499934   0.0186251   0.00855021   0.00607952   0.0035944   0.00337558   0.00159005   0.000809968   
-0.155743   1   0.0305429   0.0146695   0.0099472   0.00581803   0.00259338   0.00192245   0.00129041   0.0397029   0.0147913   0.00679025   0.00482813   0.00285453   0.00268076   0.00126276   0.000643246   
1   -0.155743   -0.19611   -0.0941903   -0.0638692   -0.0373565   -0.0166516   -0.0123437   -0.00828548   -0.254925   -0.0949725   -0.043599   -0.0310005   -0.0183285   -0.0172127   -0.00810792   -0.00413017   


NLL
863.25537

