NUISANCE_PARAMETERS
gamma_stat_SR__DNN_COMBINED_bin_0  1 +0.0795771 -0.0795771
gamma_stat_SR__DNN_COMBINED_bin_1  1 +0.0700751 -0.0700751
gamma_stat_SR__DNN_COMBINED_bin_2  1 +0.0892885 -0.0892885
gamma_stat_SR__DNN_COMBINED_bin_3  1 +0.0947458 -0.0947458
gamma_stat_SR__DNN_COMBINED_bin_4  1 +0.075609 -0.075609
gamma_stat_SR__DNN_COMBINED_bin_5  1 +0.0792879 -0.0792879
gamma_stat_SR__DNN_COMBINED_bin_6  1 +0.121727 -0.121727
gamma_stat_SR__DNN_COMBINED_bin_7  1 +0.166269 -0.166269
mu_XS_hh  1 +7.66477 -5.4416


CORRELATION_MATRIX
9   9
-0.0077799   0.00201091   0.00115864   0.000615125   0.000419398   0.000265274   0.000169526   9.73477e-05   1   
-0.0125127   0.00323411   0.00186349   0.00098933   0.000674535   0.000426651   0.000272655   1   9.73477e-05   
-0.0217902   0.00563189   0.00324517   0.00172286   0.00117467   0.00074299   1   0.000272655   0.000169526   
-0.0340974   0.00881269   0.00507806   0.00269594   0.00183812   1   0.00074299   0.000426651   0.000265274   
-0.0539079   0.0139327   0.0080284   0.00426228   1   0.00183812   0.00117467   0.000674535   0.000419398   
-0.0790659   0.0204348   0.0117751   1   0.00426228   0.00269594   0.00172286   0.00098933   0.000615125   
-0.148928   0.0384907   1   0.0117751   0.0080284   0.00507806   0.00324517   0.00186349   0.00115864   
-0.258451   1   0.0384907   0.0204348   0.0139327   0.00881269   0.00563189   0.00323411   0.00201091   
1   -0.258451   -0.148928   -0.0790659   -0.0539079   -0.0340974   -0.0217902   -0.0125127   -0.0077799   


NLL
44.35277

