NUISANCE_PARAMETERS
gamma_stat_SR__DNN_RUN3_bin_0  0.90644 +0.0454291 -0.0454291
gamma_stat_SR__DNN_RUN3_bin_1  0.940858 +0.0499807 -0.0499807
gamma_stat_SR__DNN_RUN3_bin_2  0.842095 +0.0541025 -0.0541025
gamma_stat_SR__DNN_RUN3_bin_3  0.897274 +0.0760319 -0.0760319
gamma_stat_SR__DNN_RUN3_bin_4  0.839324 +0.086021 -0.086021
gamma_stat_SR__DNN_RUN3_bin_5  0.980368 +0.0642884 -0.0642884
gamma_stat_SR__DNN_RUN3_bin_6  1.07001 +0.170474 -0.170474
gamma_stat_SR__GNN_RUN3_bin_0  0.962881 +0.0540625 -0.0540625
gamma_stat_SR__GNN_RUN3_bin_1  0.891908 +0.0586851 -0.0586851
gamma_stat_SR__GNN_RUN3_bin_2  0.840333 +0.0539883 -0.0539883
gamma_stat_SR__GNN_RUN3_bin_3  0.877753 +0.0579531 -0.0579531
gamma_stat_SR__GNN_RUN3_bin_4  0.970839 +0.0609418 -0.0609418
gamma_stat_SR__GNN_RUN3_bin_5  0.965189 +0.0602218 -0.0602218
gamma_stat_SR__GNN_RUN3_bin_6  0.919575 +0.07291 -0.07291
gamma_stat_SR__GNN_RUN3_bin_7  1.04573 +0.125269 -0.125269
gamma_stat_SR__MLP_RUN3_bin_0  0.92577 +0.0502052 -0.0502052
gamma_stat_SR__MLP_RUN3_bin_1  0.951169 +0.0492358 -0.0492358
gamma_stat_SR__MLP_RUN3_bin_2  0.895145 +0.0478484 -0.0478484
gamma_stat_SR__MLP_RUN3_bin_3  0.839409 +0.0622176 -0.0622176
gamma_stat_SR__MLP_RUN3_bin_4  0.958988 +0.0658034 -0.0658034
gamma_stat_SR__MLP_RUN3_bin_5  0.702895 +0.0921731 -0.0921731
gamma_stat_SR__MLP_RUN3_bin_6  0.963219 +0.148997 -0.148997
gamma_stat_SR__PNN_RUN3_bin_0  0.98972 +0.0515364 -0.0515364
gamma_stat_SR__PNN_RUN3_bin_1  0.924768 +0.0524403 -0.0524403
gamma_stat_SR__PNN_RUN3_bin_2  0.851403 +0.0519675 -0.0519675
gamma_stat_SR__PNN_RUN3_bin_3  0.904955 +0.0616952 -0.0616952
gamma_stat_SR__PNN_RUN3_bin_4  0.903017 +0.0905831 -0.0905831
gamma_stat_SR__PNN_RUN3_bin_5  0.763145 +0.104629 -0.104629
gamma_stat_SR__PNN_RUN3_bin_6  0.996837 +0.163313 -0.163313
gamma_stat_SR__XGB_RUN3_bin_0  0.986369 +0.0603832 -0.0603832
gamma_stat_SR__XGB_RUN3_bin_1  0.993553 +0.059509 -0.059509
gamma_stat_SR__XGB_RUN3_bin_2  0.923913 +0.0503885 -0.0503885
gamma_stat_SR__XGB_RUN3_bin_3  0.907155 +0.068238 -0.068238
gamma_stat_SR__XGB_RUN3_bin_4  0.797038 +0.0789188 -0.0789188
gamma_stat_SR__XGB_RUN3_bin_5  0.913512 +0.0845952 -0.0845952
gamma_stat_SR__XGB_RUN3_bin_6  0.948558 +0.151177 -0.151177
gamma_stat_SR__XGB_RUN3_bin_7  1.03833 +0.115393 -0.115393
mu_XS_hh  -5.66832 +3.87158 -3.19376


CORRELATION_MATRIX
38   38
-0.00564351   0.000484809   0.000590583   0.000272271   0.000171929   0.000107003   4.80801e-05   3.69479e-05   2.4711e-05   0.00111913   0.000367583   0.000222985   0.000107632   5.37897e-05   3.55412e-05   2.57833e-05   0.00107559   0.000340651   0.000158526   9.62527e-05   4.58383e-05   2.9424e-05   1.96947e-05   0.000497172   0.000258748   0.000184429   0.000149775   8.82834e-05   6.19853e-05   4.48934e-05   2.8825e-05   0.00103638   0.000229009   0.000229198   0.000143958   6.33108e-05   3.95446e-05   1   
-0.00700708   0.000601947   0.000733277   0.000338056   0.00021347   0.000132856   5.9697e-05   4.58752e-05   3.06816e-05   0.00138953   0.000456397   0.000276862   0.000133638   6.67862e-05   4.41286e-05   3.2013e-05   0.00133548   0.000422958   0.000196829   0.000119509   5.69136e-05   3.65334e-05   2.44533e-05   0.000617297   0.000321265   0.00022899   0.000185963   0.000109614   7.6962e-05   5.57404e-05   3.57896e-05   0.00128679   0.00028426   0.000284494   0.000178659   7.85255e-05   1   3.95446e-05   
-0.0112183   0.000963717   0.00117398   0.000541227   0.000341765   0.000212703   9.55749e-05   7.34461e-05   4.91212e-05   0.00222464   0.000730692   0.000443256   0.000213955   0.000106925   7.06498e-05   5.12529e-05   0.0021381   0.000677156   0.000315123   0.000191334   9.11186e-05   5.849e-05   3.91497e-05   0.000988293   0.000514346   0.000366613   0.000297726   0.000175492   0.000123216   8.92404e-05   5.72991e-05   0.00206016   0.000455149   0.000455525   0.000286082   1   7.85255e-05   6.33108e-05   
-0.0255086   0.00219133   0.00266943   0.00123066   0.000777118   0.000483652   0.000217322   0.000167004   0.000111693   0.00505846   0.00166147   0.00100789   0.000486497   0.000243129   0.000160646   0.00011654   0.00486168   0.00153974   0.000716538   0.000435062   0.000207189   0.000132997   8.90199e-05   0.00224721   0.00116954   0.000833617   0.00067698   0.00039904   0.000280173   0.000202918   0.000130289   0.00468445   0.00103504   0.00103589   1   0.000286082   0.000178659   0.000143958   
-0.0406127   0.00348885   0.00425004   0.00195936   0.00123726   0.000770029   0.000346001   0.00026589   0.000177829   0.00805365   0.00264526   0.00160468   0.00077456   0.00038709   0.000255767   0.000185546   0.00774035   0.00245145   0.00114081   0.000692668   0.000329868   0.000211746   0.00014173   0.00357782   0.00186204   0.00132721   0.00107783   0.000635318   0.000446068   0.000323069   0.000207435   0.00745819   0.00164795   1   0.00103589   0.000455525   0.000284494   0.000229198   
-0.0405792   0.00348598   0.00424654   0.00195774   0.00123624   0.000769395   0.000345716   0.000265671   0.000177682   0.00804702   0.00264308   0.00160336   0.000773921   0.000386771   0.000255556   0.000185393   0.00773397   0.00244942   0.00113987   0.000692098   0.000329596   0.000211571   0.000141613   0.00357488   0.0018605   0.00132612   0.00107694   0.000634795   0.0004457   0.000322802   0.000207264   0.00745204   1   0.00164795   0.00103504   0.000455149   0.00028426   0.000229009   
-0.183642   0.0157758   0.0192178   0.00885978   0.00559462   0.00348191   0.00156454   0.0012023   0.000804103   0.0364169   0.0119613   0.00725601   0.00350239   0.00175034   0.00115652   0.000838998   0.0350002   0.0110849   0.0051585   0.0031321   0.00149159   0.000957468   0.000640872   0.0161781   0.00841973   0.00600138   0.00487372   0.00287277   0.00201702   0.00146085   0.000937974   1   0.00745204   0.00745819   0.00468445   0.00206016   0.00128679   0.00103638   
-0.00510763   0.000438773   0.000534503   0.000246417   0.000155603   9.68422e-05   4.35146e-05   3.34395e-05   2.23645e-05   0.00101286   0.000332679   0.000201811   9.7412e-05   4.86821e-05   3.21664e-05   2.33351e-05   0.000973459   0.000308304   0.000143473   8.7113e-05   4.14857e-05   2.66301e-05   1.78246e-05   0.000449963   0.000234178   0.000166916   0.000135553   7.99004e-05   5.60994e-05   4.06305e-05   1   0.000937974   0.000207264   0.000207435   0.000130289   5.72991e-05   3.57896e-05   2.8825e-05   
-0.00795486   0.000683366   0.000832461   0.000383781   0.000242344   0.000150827   6.77717e-05   5.20803e-05   3.48316e-05   0.00157748   0.00051813   0.000314311   0.000151714   7.58198e-05   5.00974e-05   3.63431e-05   0.00151611   0.000480168   0.000223452   0.000135674   6.46117e-05   4.14749e-05   2.77608e-05   0.000700793   0.00036472   0.000259963   0.000211116   0.000124441   8.73719e-05   1   4.06305e-05   0.00146085   0.000322802   0.000323069   0.000202918   8.92404e-05   5.57404e-05   4.48934e-05   
-0.0109835   0.000943539   0.0011494   0.000529895   0.000334609   0.00020825   9.35738e-05   7.19083e-05   4.80927e-05   0.00217806   0.000715393   0.000433975   0.000209475   0.000104686   6.91706e-05   5.01797e-05   0.00209333   0.000662978   0.000308525   0.000187328   8.92108e-05   5.72653e-05   3.833e-05   0.0009676   0.000503577   0.000358937   0.000291493   0.000171818   1   8.73719e-05   5.60994e-05   0.00201702   0.0004457   0.000446068   0.000280173   0.000123216   7.6962e-05   6.19853e-05   
-0.0156433   0.00134385   0.00163704   0.000754711   0.000476572   0.000296603   0.000133274   0.000102416   6.84967e-05   0.00310213   0.00101891   0.000618096   0.000298348   0.000149101   9.85172e-05   7.14692e-05   0.00298145   0.000944256   0.000439422   0.000266804   0.00012706   8.1561e-05   5.4592e-05   0.00137812   0.000717226   0.000511221   0.000415163   1   0.000171818   0.000124441   7.99004e-05   0.00287277   0.000634795   0.000635318   0.00039904   0.000175492   0.000109614   8.82834e-05   
-0.0265393   0.00227987   0.00277728   0.00128038   0.000808515   0.000503192   0.000226102   0.000173752   0.000116206   0.00526284   0.0017286   0.00104861   0.000506153   0.000252952   0.000167136   0.000121249   0.0050581   0.00160195   0.000745488   0.000452639   0.00021556   0.00013837   9.26165e-05   0.00233801   0.00121679   0.000867297   1   0.000415163   0.000291493   0.000211116   0.000135553   0.00487372   0.00107694   0.00107783   0.00067698   0.000297726   0.000185963   0.000149775   
-0.0326798   0.00280737   0.00341988   0.00157663   0.000995586   0.000619619   0.000278416   0.000213954   0.000143093   0.00648053   0.00212856   0.00129124   0.000623264   0.000311479   0.000205808   0.000149303   0.00622842   0.0019726   0.000917976   0.000557369   0.000265435   0.000170385   0.000114046   0.00287896   0.00149832   1   0.000867297   0.000511221   0.000358937   0.000259963   0.000166916   0.00600138   0.00132612   0.00132721   0.000833617   0.000366613   0.00022899   0.000184429   
-0.0458487   0.00393865   0.00479797   0.00221196   0.00139677   0.000869305   0.000390609   0.00030017   0.000200755   0.00909197   0.00298629   0.00181156   0.000874419   0.000436995   0.000288742   0.000209467   0.00873827   0.0027675   0.00128789   0.00078197   0.000372396   0.000239045   0.000160002   0.00403909   1   0.00149832   0.00121679   0.000717226   0.000503577   0.00036472   0.000234178   0.00841973   0.0018605   0.00186204   0.00116954   0.000514346   0.000321265   0.000258748   
-0.0880962   0.00756795   0.00921909   0.00425019   0.00268384   0.00167033   0.000750538   0.000576763   0.000385742   0.0174698   0.00573803   0.00348083   0.00168016   0.000839666   0.000554804   0.000402482   0.0167902   0.00531762   0.00247462   0.00150252   0.000715543   0.000459314   0.000307437   1   0.00403909   0.00287896   0.00233801   0.00137812   0.0009676   0.000700793   0.000449963   0.0161781   0.00357488   0.00357782   0.00224721   0.000988293   0.000617297   0.000497172   
-0.00348979   0.000299792   0.0003652   0.000168365   0.000106316   6.61675e-05   2.97314e-05   2.28476e-05   1.52806e-05   0.000692039   0.000227303   0.000137888   6.65568e-05   3.32621e-05   2.19777e-05   1.59437e-05   0.000665522   0.00021106   0.000100087   5.952e-05   2.8757e-05   1.8195e-05   1   0.000307437   0.000160002   0.000114046   9.26165e-05   5.4592e-05   3.833e-05   2.77608e-05   1.78246e-05   0.000640872   0.000141613   0.00014173   8.90199e-05   3.91497e-05   2.44533e-05   1.96947e-05   
-0.00521378   0.000447893   0.000545612   0.000251538   0.000158837   9.88549e-05   4.44189e-05   3.41345e-05   2.28293e-05   0.00103391   0.000339593   0.000206006   9.94365e-05   4.96938e-05   3.28349e-05   2.382e-05   0.000993691   0.000314712   0.000146455   8.89235e-05   4.23479e-05   1   1.8195e-05   0.000459314   0.000239045   0.000170385   0.00013837   8.1561e-05   5.72653e-05   4.14749e-05   2.66301e-05   0.000957468   0.000211571   0.000211746   0.000132997   5.849e-05   3.65334e-05   2.9424e-05   
-0.00812229   0.00069775   0.000849982   0.000391859   0.000247445   0.000154001   6.91981e-05   5.31764e-05   3.55647e-05   0.00161068   0.000529035   0.000320926   0.000154907   7.74156e-05   5.11518e-05   3.71081e-05   0.0015481   0.000490356   0.000228567   0.000138529   1   4.23479e-05   2.8757e-05   0.000715543   0.000372396   0.000265435   0.00021556   0.00012706   8.92108e-05   6.46117e-05   4.14857e-05   0.00149159   0.000329596   0.000329868   0.000207189   9.11186e-05   5.69136e-05   4.58383e-05   
-0.0170555   0.00146516   0.00178482   0.000822839   0.000519592   0.000323377   0.000145304   0.000111662   7.46799e-05   0.00338216   0.00111089   0.000673891   0.000325279   0.00016256   0.00010741   7.79207e-05   0.00325059   0.00102949   0.000479088   1   0.000138529   8.89235e-05   5.952e-05   0.00150252   0.00078197   0.000557369   0.000452639   0.000266804   0.000187328   0.000135674   8.7113e-05   0.0031321   0.000692098   0.000692668   0.000435062   0.000191334   0.000119509   9.62527e-05   
-0.02809   0.00241309   0.00293956   0.0013552   0.000855759   0.000532595   0.000239314   0.000183904   0.000122996   0.00557036   0.00182961   0.00110989   0.000535729   0.000267733   0.000176903   0.000128334   0.00535406   0.00169597   1   0.000479088   0.000228567   0.000146455   0.000100087   0.00247462   0.00128789   0.000917976   0.000745488   0.000439422   0.000308525   0.000223452   0.000143473   0.0051585   0.00113987   0.00114081   0.000716538   0.000315123   0.000196829   0.000158526   
-0.0603615   0.00518539   0.00631672   0.00291214   0.00183891   0.00114447   0.000514252   0.000395185   0.000264302   0.0119699   0.00393157   0.00238499   0.00115121   0.000575321   0.000380139   0.000275772   0.0115043   1   0.00169597   0.00102949   0.000490356   0.000314712   0.00021106   0.00531762   0.0027675   0.0019726   0.00160195   0.000944256   0.000662978   0.000480168   0.000308304   0.0110849   0.00244942   0.00245145   0.00153974   0.000677156   0.000422958   0.000340651   
-0.190589   0.0163727   0.0199448   0.00919496   0.00580628   0.00361363   0.00162373   0.00124778   0.000834524   0.0377946   0.0124138   0.00753052   0.00363489   0.00181655   0.00120028   0.000870739   1   0.0115043   0.00535406   0.00325059   0.0015481   0.000993691   0.000665522   0.0167902   0.00873827   0.00622842   0.0050581   0.00298145   0.00209333   0.00151611   0.000973459   0.0350002   0.00773397   0.00774035   0.00486168   0.0021381   0.00133548   0.00107559   
-0.00456867   0.000392474   0.000478102   0.000220415   0.000139184   8.66233e-05   3.89229e-05   2.99109e-05   2.00046e-05   0.000905984   0.000297574   0.000180516   8.7133e-05   4.35451e-05   2.87721e-05   1   0.000870739   0.000275772   0.000128334   7.79207e-05   3.71081e-05   2.382e-05   1.59437e-05   0.000402482   0.000209467   0.000149303   0.000121249   7.14692e-05   5.01797e-05   3.63431e-05   2.33351e-05   0.000838998   0.000185393   0.000185546   0.00011654   5.12529e-05   3.2013e-05   2.57833e-05   
-0.00629771   0.000541008   0.000659043   0.000303832   0.000191859   0.000119407   5.36535e-05   4.12309e-05   2.75755e-05   0.00124886   0.000410193   0.000248833   0.000120109   6.0025e-05   1   2.87721e-05   0.00120028   0.000380139   0.000176903   0.00010741   5.11518e-05   3.28349e-05   2.19777e-05   0.000554804   0.000288742   0.000205808   0.000167136   9.85172e-05   6.91706e-05   5.00974e-05   3.21664e-05   0.00115652   0.000255556   0.000255767   0.000160646   7.06498e-05   4.41286e-05   3.55412e-05   
-0.00953125   0.000818786   0.000997426   0.000459834   0.000290368   0.000180715   8.12017e-05   6.24008e-05   4.1734e-05   0.00189008   0.000620723   0.000376514   0.000181779   1   6.0025e-05   4.35451e-05   0.00181655   0.000575321   0.000267733   0.00016256   7.74156e-05   4.96938e-05   3.32621e-05   0.000839666   0.000436995   0.000311479   0.000252952   0.000149101   0.000104686   7.58198e-05   4.86821e-05   0.00175034   0.000386771   0.00038709   0.000243129   0.000106925   6.67862e-05   5.37897e-05   
-0.0190719   0.00163838   0.00199583   0.00092012   0.000581022   0.000361608   0.000162483   0.000124863   8.3509e-05   0.0037821   0.00124222   0.000753563   1   0.000181779   0.000120109   8.7133e-05   0.00363489   0.00115121   0.000535729   0.000325279   0.000154907   9.94365e-05   6.65568e-05   0.00168016   0.000874419   0.000623264   0.000506153   0.000298348   0.000209475   0.000151714   9.7412e-05   0.00350239   0.000773921   0.00077456   0.000486497   0.000213955   0.000133638   0.000107632   
-0.0395117   0.00339428   0.00413483   0.00190624   0.00120372   0.000749155   0.000336621   0.000258682   0.000173008   0.00783533   0.00257355   1   0.000753563   0.000376514   0.000248833   0.000180516   0.00753052   0.00238499   0.00110989   0.000673891   0.000320926   0.000206006   0.000137888   0.00348083   0.00181156   0.00129124   0.00104861   0.000618096   0.000433975   0.000314311   0.000201811   0.00725601   0.00160336   0.00160468   0.00100789   0.000443256   0.000276862   0.000222985   
-0.0651337   0.00559534   0.00681611   0.00314237   0.00198429   0.00123496   0.000554908   0.000426428   0.000285198   0.0129163   1   0.00257355   0.00124222   0.000620723   0.000410193   0.000297574   0.0124138   0.00393157   0.00182961   0.00111089   0.000529035   0.000339593   0.000227303   0.00573803   0.00298629   0.00212856   0.0017286   0.00101891   0.000715393   0.00051813   0.000332679   0.0119613   0.00264308   0.00264526   0.00166147   0.000730692   0.000456397   0.000367583   
-0.198304   0.0170354   0.0207521   0.00956714   0.0060413   0.0037599   0.00168945   0.00129829   0.000868303   1   0.0129163   0.00783533   0.0037821   0.00189008   0.00124886   0.000905984   0.0377946   0.0119699   0.00557036   0.00338216   0.00161068   0.00103391   0.000692039   0.0174698   0.00909197   0.00648053   0.00526284   0.00310213   0.00217806   0.00157748   0.00101286   0.0364169   0.00804702   0.00805365   0.00505846   0.00222464   0.00138953   0.00111913   
-0.00437865   0.00037615   0.000458299   0.000211248   0.000133395   8.30206e-05   3.7304e-05   2.86669e-05   1   0.000868303   0.000285198   0.000173008   8.3509e-05   4.1734e-05   2.75755e-05   2.00046e-05   0.000834524   0.000264302   0.000122996   7.46799e-05   3.55647e-05   2.28293e-05   1.52806e-05   0.000385742   0.000200755   0.000143093   0.000116206   6.84967e-05   4.80927e-05   3.48316e-05   2.23645e-05   0.000804103   0.000177682   0.000177829   0.000111693   4.91212e-05   3.06816e-05   2.4711e-05   
-0.00654697   0.000562421   0.000685128   0.000315858   0.000199453   0.000124133   5.57771e-05   1   2.86669e-05   0.00129829   0.000426428   0.000258682   0.000124863   6.24008e-05   4.12309e-05   2.99109e-05   0.00124778   0.000395185   0.000183904   0.000111662   5.31764e-05   3.41345e-05   2.28476e-05   0.000576763   0.00030017   0.000213954   0.000173752   0.000102416   7.19083e-05   5.20803e-05   3.34395e-05   0.0012023   0.000265671   0.00026589   0.000167004   7.34461e-05   4.58752e-05   3.69479e-05   
-0.00851952   0.000731874   0.000891633   0.000411024   0.000259546   0.000161533   1   5.57771e-05   3.7304e-05   0.00168945   0.000554908   0.000336621   0.000162483   8.12017e-05   5.36535e-05   3.89229e-05   0.00162373   0.000514252   0.000239314   0.000145304   6.91981e-05   4.44189e-05   2.97314e-05   0.000750538   0.000390609   0.000278416   0.000226102   0.000133274   9.35738e-05   6.77717e-05   4.35146e-05   0.00156454   0.000345716   0.000346001   0.000217322   9.55749e-05   5.9697e-05   4.80801e-05   
-0.0189603   0.00162879   0.00198416   0.000914738   0.000577623   1   0.000161533   0.000124133   8.30206e-05   0.0037599   0.00123496   0.000749155   0.000361608   0.000180715   0.000119407   8.66233e-05   0.00361363   0.00114447   0.000532595   0.000323377   0.000154001   9.88549e-05   6.61675e-05   0.00167033   0.000869305   0.000619619   0.000503192   0.000296603   0.00020825   0.000150827   9.68422e-05   0.00348191   0.000769395   0.000770029   0.000483652   0.000212703   0.000132856   0.000107003   
-0.0304649   0.00261718   0.00318817   0.00146977   1   0.000577623   0.000259546   0.000199453   0.000133395   0.0060413   0.00198429   0.00120372   0.000581022   0.000290368   0.000191859   0.000139184   0.00580628   0.00183891   0.000855759   0.000519592   0.000247445   0.000158837   0.000106316   0.00268384   0.00139677   0.000995586   0.000808515   0.000476572   0.000334609   0.000242344   0.000155603   0.00559462   0.00123624   0.00123726   0.000777118   0.000341765   0.00021347   0.000171929   
-0.0482449   0.0041445   0.00504873   1   0.00146977   0.000914738   0.000411024   0.000315858   0.000211248   0.00956714   0.00314237   0.00190624   0.00092012   0.000459834   0.000303832   0.000220415   0.00919496   0.00291214   0.0013552   0.000822839   0.000391859   0.000251538   0.000168365   0.00425019   0.00221196   0.00157663   0.00128038   0.000754711   0.000529895   0.000383781   0.000246417   0.00885978   0.00195774   0.00195936   0.00123066   0.000541227   0.000338056   0.000272271   
-0.104648   0.00898992   1   0.00504873   0.00318817   0.00198416   0.000891633   0.000685128   0.000458299   0.0207521   0.00681611   0.00413483   0.00199583   0.000997426   0.000659043   0.000478102   0.0199448   0.00631672   0.00293956   0.00178482   0.000849982   0.000545612   0.0003652   0.00921909   0.00479797   0.00341988   0.00277728   0.00163704   0.0011494   0.000832461   0.000534503   0.0192178   0.00424654   0.00425004   0.00266943   0.00117398   0.000733277   0.000590583   
-0.0859055   1   0.00898992   0.0041445   0.00261718   0.00162879   0.000731874   0.000562421   0.00037615   0.0170354   0.00559534   0.00339428   0.00163838   0.000818786   0.000541008   0.000392474   0.0163727   0.00518539   0.00241309   0.00146516   0.00069775   0.000447893   0.000299792   0.00756795   0.00393865   0.00280737   0.00227987   0.00134385   0.000943539   0.000683366   0.000438773   0.0157758   0.00348598   0.00348885   0.00219133   0.000963717   0.000601947   0.000484809   
1   -0.0859055   -0.104648   -0.0482449   -0.0304649   -0.0189603   -0.00851952   -0.00654697   -0.00437865   -0.198304   -0.0651337   -0.0395117   -0.0190719   -0.00953125   -0.00629771   -0.00456867   -0.190589   -0.0603615   -0.02809   -0.0170555   -0.00812229   -0.00521378   -0.00348979   -0.0880962   -0.0458487   -0.0326798   -0.0265393   -0.0156433   -0.0109835   -0.00795486   -0.00510763   -0.183642   -0.0405792   -0.0406127   -0.0255086   -0.0112183   -0.00700708   -0.00564351   


NLL
4915.60563

