NUISANCE_PARAMETERS
gamma_stat_SR__GNN_RUN2_bin_0  1 +0.156243 -0.156243
gamma_stat_SR__GNN_RUN2_bin_1  1 +0.141867 -0.141867
gamma_stat_SR__GNN_RUN2_bin_2  1 +0.144521 -0.144521
gamma_stat_SR__GNN_RUN2_bin_3  1 +0.171085 -0.171085
gamma_stat_SR__GNN_RUN2_bin_4  1 +0.121611 -0.121611
gamma_stat_SR__GNN_RUN2_bin_5  1 +0.183917 -0.183917
gamma_stat_SR__GNN_RUN2_bin_6  1 +0.111603 -0.111603
gamma_stat_SR__GNN_RUN3_bin_0  1 +0.125659 -0.125659
gamma_stat_SR__GNN_RUN3_bin_1  1 +0.137175 -0.137175
gamma_stat_SR__GNN_RUN3_bin_2  1 +0.139135 -0.139135
gamma_stat_SR__GNN_RUN3_bin_3  1 +0.111076 -0.111076
gamma_stat_SR__GNN_RUN3_bin_4  1 +0.104284 -0.104284
gamma_stat_SR__GNN_RUN3_bin_5  1 +0.151516 -0.151516
mu_XS_hh  0.999999 +11.5088 -9.22934


CORRELATION_MATRIX
14   14
-0.00614448   0.000972824   0.000359745   0.000340921   0.000320067   0.000296127   7.5831e-05   0.000788147   0.000421175   0.000265527   0.000261023   0.000121174   7.4751e-05   1   
-0.0121232   0.0019189   0.000710047   0.000672388   0.00063099   0.000583755   0.00015013   0.00155453   0.000830997   0.000523127   0.000515265   0.000239593   1   7.4751e-05   
-0.0197631   0.00312816   0.00115682   0.0010968   0.00102863   0.000951627   0.000244739   0.00253416   0.00135383   0.00085211   0.000839293   1   0.000239593   0.000121174   
-0.0424808   0.00672425   0.00248715   0.00235701   0.0022113   0.00204578   0.000525807   0.00544745   0.00291032   0.00183217   1   0.000839293   0.000515265   0.000261023   
-0.0431293   0.00682689   0.00252512   0.00239299   0.00224505   0.00207701   0.000533838   0.0055306   0.00295475   1   0.00183217   0.00085211   0.000523127   0.000265527   
-0.068503   0.0108429   0.00401043   0.00380109   0.00356544   0.00329853   0.000848316   0.00878394   1   0.00295475   0.00291032   0.00135383   0.000830997   0.000421175   
-0.128227   0.0202962   0.00750764   0.00711431   0.00667395   0.00617435   0.00158792   1   0.00878394   0.0055306   0.00544745   0.00253416   0.00155453   0.000788147   
-0.0123836   0.00196012   0.000724772   0.000686835   0.000644542   0.000596292   1   0.00158792   0.000848316   0.000533838   0.000525807   0.000244739   0.00015013   7.5831e-05   
-0.0481517   0.00762159   0.00281943   0.0026714   0.0025062   1   0.000596292   0.00617435   0.00329853   0.00207701   0.00204578   0.000951627   0.000583755   0.000296127   
-0.0520479   0.0082383   0.00304754   0.00288758   1   0.0025062   0.000644542   0.00667395   0.00356544   0.00224505   0.0022113   0.00102863   0.00063099   0.000320067   
-0.0554841   0.00878194   0.00324846   1   0.00288758   0.0026714   0.000686835   0.00711431   0.00380109   0.00239299   0.00235701   0.0010968   0.000672388   0.000340921   
-0.0585476   0.00926735   1   0.00324846   0.00304754   0.00281943   0.000724772   0.00750764   0.00401043   0.00252512   0.00248715   0.00115682   0.000710047   0.000359745   
-0.158283   1   0.00926735   0.00878194   0.0082383   0.00762159   0.00196012   0.0202962   0.0108429   0.00682689   0.00672425   0.00312816   0.0019189   0.000972824   
1   -0.158283   -0.0585476   -0.0554841   -0.0520479   -0.0481517   -0.0123836   -0.128227   -0.068503   -0.0431293   -0.0424808   -0.0197631   -0.0121232   -0.00614448   


NLL
127.91024

