NUISANCE_PARAMETERS
gamma_stat_SR__DNN_RUN3_bin_0  0.895331 +0.0651124 -0.0651124
gamma_stat_SR__DNN_RUN3_bin_1  0.900157 +0.0708244 -0.0708244
gamma_stat_SR__DNN_RUN3_bin_2  0.576734 +0.0784022 -0.0784022
gamma_stat_SR__DNN_RUN3_bin_3  0.955008 +0.0783902 -0.0783902
gamma_stat_SR__DNN_RUN3_bin_4  0.802161 +0.109288 -0.109288
gamma_stat_SR__DNN_RUN3_bin_5  0.973539 +0.13999 -0.13999
gamma_stat_SR__DNN_RUN3_bin_6  1.06022 +0.164765 -0.164765
gamma_stat_SR__GNN_RUN3_bin_0  0.615539 +0.098705 -0.098705
gamma_stat_SR__GNN_RUN3_bin_1  0.844311 +0.0847743 -0.0847743
gamma_stat_SR__GNN_RUN3_bin_2  0.875881 +0.0667974 -0.0667974
gamma_stat_SR__GNN_RUN3_bin_3  0.774971 +0.0791136 -0.0791136
gamma_stat_SR__GNN_RUN3_bin_4  0.814457 +0.107788 -0.107788
gamma_stat_SR__GNN_RUN3_bin_5  0.779752 +0.11957 -0.11957
gamma_stat_SR__GNN_RUN3_bin_6  0.854338 +0.147352 -0.147352
gamma_stat_SR__GNN_RUN3_bin_7  0.919688 +0.161683 -0.161683
gamma_stat_SR__MLP_RUN3_bin_0  0.840396 +0.0978384 -0.0978384
gamma_stat_SR__MLP_RUN3_bin_1  0.946052 +0.0626728 -0.0626728
gamma_stat_SR__MLP_RUN3_bin_2  0.915247 +0.0684956 -0.0684956
gamma_stat_SR__MLP_RUN3_bin_3  0.701535 +0.0842978 -0.0842978
gamma_stat_SR__MLP_RUN3_bin_4  0.900941 +0.0980716 -0.0980716
gamma_stat_SR__MLP_RUN3_bin_5  0.96617 +0.150358 -0.150358
gamma_stat_SR__MLP_RUN3_bin_6  1.0378 +0.176248 -0.176248
gamma_stat_SR__PNN_RUN3_bin_0  0.797277 +0.0966444 -0.0966444
gamma_stat_SR__PNN_RUN3_bin_1  0.879201 +0.076144 -0.076144
gamma_stat_SR__PNN_RUN3_bin_2  0.666545 +0.0825145 -0.0825145
gamma_stat_SR__PNN_RUN3_bin_3  0.90936 +0.0654573 -0.0654573
gamma_stat_SR__PNN_RUN3_bin_4  0.80118 +0.0964344 -0.0964344
gamma_stat_SR__PNN_RUN3_bin_5  0.827317 +0.102714 -0.102714
gamma_stat_SR__PNN_RUN3_bin_6  1.03142 +0.110684 -0.110684
gamma_stat_SR__PNN_RUN3_bin_7  0.971901 +0.167559 -0.167559
gamma_stat_SR__XGB_RUN3_bin_0  0.653261 +0.0639517 -0.0639517
gamma_stat_SR__XGB_RUN3_bin_1  0.806538 +0.0743065 -0.0743065
gamma_stat_SR__XGB_RUN3_bin_2  0.714074 +0.0850417 -0.0850417
gamma_stat_SR__XGB_RUN3_bin_3  0.899849 +0.0873929 -0.0873929
gamma_stat_SR__XGB_RUN3_bin_4  0.860888 +0.103055 -0.103055
gamma_stat_SR__XGB_RUN3_bin_5  1.01742 +0.124104 -0.124104
gamma_stat_SR__XGB_RUN3_bin_6  1.01152 +0.172105 -0.172105
mu_XS_hh  -7.57539 +3.70722 -3.0238


CORRELATION_MATRIX
38   38
-0.00357098   0.000335065   0.00015845   0.000102076   5.44495e-05   3.05426e-05   1.47749e-05   1.10985e-05   0.000242488   0.00013714   0.000102711   6.68907e-05   3.23391e-05   2.21624e-05   1.6494e-05   1.02243e-05   0.000312424   0.00018196   9.53986e-05   6.94354e-05   2.29592e-05   1.4852e-05   1.24791e-05   0.000205337   0.000214273   0.000109018   7.45806e-05   3.89571e-05   2.28483e-05   1.81468e-05   1.28897e-05   0.000317907   0.000168438   0.000103045   4.76784e-05   2.84725e-05   1.70657e-05   1   
-0.004779   0.000448414   0.000212052   0.000136607   7.2869e-05   4.08747e-05   1.9773e-05   1.4853e-05   0.000324519   0.000183532   0.000137457   8.9519e-05   4.3279e-05   2.96597e-05   2.20737e-05   1.3683e-05   0.000418113   0.000243515   0.000127671   9.29246e-05   3.07261e-05   1.98763e-05   1.67007e-05   0.0002748   0.000286759   0.000145897   9.98102e-05   5.21358e-05   3.05776e-05   2.42857e-05   1.72501e-05   0.000425451   0.000225292   0.000137871   6.36808e-05   3.79779e-05   1   1.70657e-05   
-0.00794682   0.000745649   0.000352613   0.000227158   0.000121171   6.7969e-05   3.28798e-05   2.46984e-05   0.000539629   0.000305189   0.000228572   0.000148858   7.1967e-05   4.932e-05   3.67055e-05   2.27529e-05   0.000695263   0.000404931   0.000212299   0.000154521   5.10932e-05   3.30515e-05   2.77709e-05   0.000456954   0.00047684   0.000242607   0.000165971   8.66946e-05   5.08463e-05   4.03837e-05   2.86845e-05   0.000707467   0.000374818   0.000229198   0.000105987   1   3.79779e-05   2.84725e-05   
-0.0133251   0.0012503   0.000591258   0.000380897   0.000203178   0.00011397   5.51324e-05   4.1414e-05   0.000904844   0.000511737   0.000383266   0.000249603   0.000120673   8.26992e-05   6.15473e-05   3.81518e-05   0.00116581   0.000678983   0.00035598   0.000259098   8.56724e-05   5.54203e-05   4.65659e-05   0.000766216   0.00079956   0.0004068   0.000278297   0.000145368   8.52584e-05   6.77149e-05   4.80979e-05   0.00118627   0.000628269   0.000384252   1   0.000105987   6.36808e-05   4.76784e-05   
-0.0288296   0.00270517   0.00127922   0.000824183   0.000439586   0.000246673   0.000119282   8.96957e-05   0.00195768   0.00110717   0.00082931   0.000540028   0.000261083   0.000179018   0.000133161   8.25434e-05   0.00252238   0.00146901   0.00077018   0.000560572   0.000185357   0.000119905   0.000100842   0.00165784   0.00172989   0.000880228   0.00060211   0.000314512   0.000184461   0.000146599   0.000104157   0.00256665   0.00135928   1   0.000384252   0.000229198   0.000137871   0.000103045   
-0.0471421   0.00442343   0.00209177   0.00134764   0.000718811   0.0004033   0.000195049   0.00014661   0.00320119   0.00181044   0.00135603   0.000883053   0.000426922   0.00029267   0.000217744   0.000134975   0.00412453   0.00240213   0.0012594   0.000916741   0.000303095   0.000196068   0.000164837   0.00271084   0.00282871   0.00143929   0.00098457   0.000514289   0.00030163   0.000239659   0.000170257   0.00419683   1   0.00135928   0.000628269   0.000374818   0.000225292   0.000168438   
-0.0890251   0.00835322   0.00395019   0.00254477   0.00135743   0.00076143   0.000368339   0.000276687   0.00604526   0.00341891   0.0025606   0.0016676   0.000806219   0.000552513   0.000411197   0.000254892   0.00778877   0.00453628   0.0023783   0.00173104   0.000572377   0.000370263   0.000311107   0.00511909   0.00534186   0.00271783   0.0018593   0.000971206   0.000569611   0.000452403   0.000321342   1   0.00419683   0.00256665   0.00118627   0.000707467   0.000425451   0.000317907   
-0.00360956   0.000338779   0.000160162   0.000103273   5.50377e-05   3.09671e-05   1.49345e-05   1.1313e-05   0.000245108   0.000138621   0.000103915   6.76134e-05   3.26885e-05   2.24965e-05   1.66722e-05   1.03347e-05   0.000315893   0.000183926   9.64292e-05   7.01856e-05   2.32073e-05   1.50125e-05   1.2614e-05   0.00020765   0.000216588   0.000110101   7.52918e-05   3.9378e-05   2.30951e-05   1.83429e-05   1   0.000321342   0.000170257   0.000104157   4.80979e-05   2.86845e-05   1.72501e-05   1.28897e-05   
-0.00508175   0.000476914   0.000225485   0.000145355   7.74852e-05   4.35587e-05   2.10256e-05   1.58884e-05   0.000345077   0.000195159   0.000146259   9.51899e-05   4.60207e-05   3.16332e-05   2.3472e-05   1.45498e-05   0.000444694   0.000258941   0.000135759   9.88112e-05   3.26725e-05   2.11354e-05   1.78532e-05   0.000292303   0.000304925   0.00015514   0.000106039   5.54385e-05   3.25146e-05   1   1.83429e-05   0.000452403   0.000239659   0.000146599   6.77149e-05   4.03837e-05   2.42857e-05   1.81468e-05   
-0.00639832   0.000600354   0.000283904   0.000182895   9.75599e-05   5.47247e-05   2.64729e-05   1.98857e-05   0.000434478   0.00024572   0.000184033   0.000119852   5.79437e-05   3.97096e-05   2.95531e-05   1.83193e-05   0.000559786   0.000326027   0.000170931   0.000124411   4.11373e-05   2.66111e-05   2.23595e-05   0.000367913   0.000383924   0.000195333   0.00013363   6.98015e-05   1   3.25146e-05   2.30951e-05   0.000569611   0.00030163   0.000184461   8.52584e-05   5.08463e-05   3.05776e-05   2.28483e-05   
-0.0109093   0.00102362   0.000484065   0.000311842   0.000166343   9.33074e-05   4.51372e-05   3.39058e-05   0.0007408   0.000418962   0.000313782   0.000204351   9.87959e-05   6.77062e-05   5.0389e-05   3.12351e-05   0.000954453   0.000555887   0.000291442   0.000212125   7.01404e-05   4.53729e-05   3.81237e-05   0.000627399   0.000654698   0.000333049   0.000227843   1   6.98015e-05   5.54385e-05   3.9378e-05   0.000971206   0.000514289   0.000314512   0.000145368   8.66946e-05   5.21358e-05   3.89571e-05   
-0.0208852   0.00195965   0.000926709   0.000596999   0.000318452   0.00017863   8.64118e-05   6.49103e-05   0.00141821   0.000802072   0.000600713   0.000391215   0.000189138   0.000129619   9.64662e-05   5.97973e-05   0.00182723   0.00106421   0.000557946   0.000406098   0.000134279   8.68631e-05   7.29851e-05   0.00120093   0.00125319   0.000637599   1   0.000227843   0.00013363   0.000106039   7.52918e-05   0.0018593   0.00098457   0.00060211   0.000278297   0.000165971   9.98102e-05   7.45806e-05   
-0.0305288   0.00286461   0.00135461   0.000872756   0.000465496   0.000261207   0.000126312   9.49769e-05   0.00207306   0.00117243   0.000878185   0.000571858   0.000276471   0.000189564   0.000141009   8.74085e-05   0.00267105   0.0015556   0.000815575   0.000593613   0.000196282   0.000126972   0.000106686   0.00175555   0.00183185   1   0.000637599   0.000333049   0.000195333   0.00015514   0.000110101   0.00271783   0.00143929   0.000880228   0.0004068   0.000242607   0.000145897   0.000109018   
-0.0600039   0.00563016   0.00266247   0.0017152   0.000914924   0.000513212   0.000248265   0.00018649   0.00407457   0.00230438   0.00172587   0.00112398   0.0005434   0.0003724   0.000277151   0.0001718   0.00524971   0.0030575   0.001603   0.00116674   0.000385788   0.000249561   0.000209689   0.00345041   1   0.00183185   0.00125319   0.000654698   0.000383924   0.000304925   0.000216588   0.00534186   0.00282871   0.00172989   0.00079956   0.00047684   0.000286759   0.000214273   
-0.0575016   0.00539546   0.00255144   0.00164377   0.000876769   0.000491904   0.000237911   0.000178807   0.00390465   0.00220829   0.00165399   0.0010771   0.000520739   0.000356964   0.000265593   0.000164635   0.00503088   0.00293   0.00153615   0.00111808   0.0003697   0.000239154   0.000201039   1   0.00345041   0.00175555   0.00120093   0.000627399   0.000367913   0.000292303   0.00020765   0.00511909   0.00271084   0.00165784   0.000766216   0.000456954   0.0002748   0.000205337   
-0.00349459   0.000327992   0.000155061   9.99869e-05   5.32847e-05   2.99838e-05   1.44588e-05   1.09556e-05   0.000237301   0.000134206   0.000100608   6.54598e-05   3.16473e-05   2.1783e-05   1.61411e-05   1.00055e-05   0.000305929   0.000178067   9.34524e-05   6.80446e-05   2.24681e-05   1.46289e-05   1   0.000201039   0.000209689   0.000106686   7.29851e-05   3.81237e-05   2.23595e-05   1.78532e-05   1.2614e-05   0.000311107   0.000164837   0.000100842   4.65659e-05   2.77709e-05   1.67007e-05   1.24791e-05   
-0.00415909   0.000390247   0.000184545   0.000118887   6.34167e-05   3.55726e-05   1.72081e-05   1.29263e-05   0.000282423   0.000159725   0.000119626   7.79069e-05   3.7665e-05   2.58123e-05   1.92103e-05   1.19081e-05   0.000363971   0.000211927   0.000111204   8.09652e-05   2.67404e-05   1   1.46289e-05   0.000239154   0.000249561   0.000126972   8.68631e-05   4.53729e-05   2.66111e-05   2.11354e-05   1.50125e-05   0.000370263   0.000196068   0.000119905   5.54203e-05   3.30515e-05   1.98763e-05   1.4852e-05   
-0.00642939   0.000603269   0.000285282   0.000183783   9.80337e-05   5.49904e-05   2.66014e-05   1.99823e-05   0.000436588   0.000246914   0.000184926   0.000120434   5.8225e-05   3.99024e-05   2.96966e-05   1.84083e-05   0.000562504   0.00032761   0.000171761   0.000125015   1   2.67404e-05   2.24681e-05   0.0003697   0.000385788   0.000196282   0.000134279   7.01404e-05   4.11373e-05   3.26725e-05   2.32073e-05   0.000572377   0.000303095   0.000185357   8.56724e-05   5.10932e-05   3.07261e-05   2.29592e-05   
-0.0194443   0.00182446   0.000862777   0.000555813   0.000296482   0.000166307   8.04505e-05   6.04322e-05   0.00132037   0.000746739   0.000559271   0.000364226   0.000176089   0.000120677   8.98112e-05   5.5672e-05   0.00170127   0.000990788   0.000519549   1   0.000125015   8.09652e-05   6.80446e-05   0.00111808   0.00116674   0.000593613   0.000406098   0.000212125   0.000124411   9.88112e-05   7.01856e-05   0.00173104   0.000916741   0.000560572   0.000259098   0.000154521   9.29246e-05   6.94354e-05   
-0.0267149   0.00250666   0.00118539   0.000763642   0.000407343   0.000228492   0.000110532   8.3029e-05   0.00181408   0.00102596   0.000768393   0.000500417   0.000241932   0.0001658   0.000123393   7.64888e-05   0.00233737   0.00136126   1   0.000519549   0.000171761   0.000111204   9.34524e-05   0.00153615   0.001603   0.000815575   0.000557946   0.000291442   0.000170931   0.000135759   9.64292e-05   0.0023783   0.0012594   0.00077018   0.00035598   0.000212299   0.000127671   9.53986e-05   
-0.0509551   0.00478111   0.00226096   0.00145654   0.00077695   0.000435818   0.000210825   0.000158366   0.00346011   0.00195688   0.0014656   0.000954477   0.000461453   0.00031624   0.000235356   0.000145892   0.00445813   1   0.00136126   0.000990788   0.00032761   0.000211927   0.000178067   0.00293   0.0030575   0.0015556   0.00106421   0.000555887   0.000326027   0.000258941   0.000183926   0.00453628   0.00240213   0.00146901   0.000678983   0.000404931   0.000243515   0.00018196   
-0.0874895   0.00820923   0.00388205   0.00250097   0.00133402   0.00074839   0.000361986   0.000272008   0.00594098   0.00335994   0.00251653   0.00163883   0.000792312   0.000543077   0.000404104   0.000250495   1   0.00445813   0.00233737   0.00170127   0.000562504   0.000363971   0.000305929   0.00503088   0.00524971   0.00267105   0.00182723   0.000954453   0.000559786   0.000444694   0.000315893   0.00778877   0.00412453   0.00252238   0.00116581   0.000695263   0.000418113   0.000312424   
-0.00286315   0.000268649   0.000127043   8.18426e-05   4.36566e-05   2.44884e-05   1.18462e-05   8.89855e-06   0.000194422   0.000109956   8.23518e-05   5.36317e-05   2.59289e-05   1.77694e-05   1.32246e-05   1   0.000250495   0.000145892   7.64888e-05   5.5672e-05   1.84083e-05   1.19081e-05   1.00055e-05   0.000164635   0.0001718   8.74085e-05   5.97973e-05   3.12351e-05   1.83193e-05   1.45498e-05   1.03347e-05   0.000254892   0.000134975   8.25434e-05   3.81518e-05   2.27529e-05   1.3683e-05   1.02243e-05   
-0.00461889   0.00043339   0.000204948   0.00013203   7.04276e-05   3.95053e-05   1.91105e-05   1.43553e-05   0.000313646   0.000177383   0.000132757   8.64252e-05   4.17344e-05   2.8666e-05   1   1.32246e-05   0.000404104   0.000235356   0.000123393   8.98112e-05   2.96966e-05   1.92103e-05   1.61411e-05   0.000265593   0.000277151   0.000141009   9.64662e-05   5.0389e-05   2.95531e-05   2.3472e-05   1.66722e-05   0.000411197   0.000217744   0.000133161   6.15473e-05   3.67055e-05   2.20737e-05   1.6494e-05   
-0.00620626   0.000582427   0.000275382   0.000177499   9.46314e-05   5.31766e-05   2.56782e-05   1.93834e-05   0.000421436   0.000238439   0.000178603   0.000116254   5.62043e-05   1   2.8666e-05   1.77694e-05   0.000543077   0.00031624   0.0001658   0.000120677   3.99024e-05   2.58123e-05   2.1783e-05   0.000356964   0.0003724   0.000189564   0.000129619   6.77062e-05   3.97096e-05   3.16332e-05   2.24965e-05   0.000552513   0.00029267   0.000179018   8.26992e-05   4.932e-05   2.96597e-05   2.21624e-05   
-0.00905608   0.000849731   0.000401833   0.000258866   0.000138085   7.74565e-05   3.74693e-05   2.81459e-05   0.000614859   0.000347789   0.000260382   0.000169541   1   5.62043e-05   4.17344e-05   2.59289e-05   0.000792312   0.000461453   0.000241932   0.000176089   5.8225e-05   3.7665e-05   3.16473e-05   0.000520739   0.0005434   0.000276471   0.000189138   9.87959e-05   5.79437e-05   4.60207e-05   3.26885e-05   0.000806219   0.000426922   0.000261083   0.000120673   7.1967e-05   4.3279e-05   3.23391e-05   
-0.0187317   0.0017576   0.000831158   0.000535443   0.000285617   0.000160212   7.75021e-05   5.82175e-05   0.00127189   0.000719372   0.00053868   1   0.000169541   0.000116254   8.64252e-05   5.36317e-05   0.00163883   0.000954477   0.000500417   0.000364226   0.000120434   7.79069e-05   6.54598e-05   0.0010771   0.00112398   0.000571858   0.000391215   0.000204351   0.000119852   9.51899e-05   6.76134e-05   0.0016676   0.000883053   0.000540028   0.000249603   0.000148858   8.9519e-05   6.68907e-05   
-0.0287627   0.00269889   0.00127625   0.000822271   0.000438566   0.000246101   0.000119005   8.94878e-05   0.00195304   0.0011046   1   0.00053868   0.000260382   0.000178603   0.000132757   8.23518e-05   0.00251653   0.0014656   0.000768393   0.000559271   0.000184926   0.000119626   0.000100608   0.00165399   0.00172587   0.000878185   0.000600713   0.000313782   0.000184033   0.000146259   0.000103915   0.0025606   0.00135603   0.00082931   0.000383266   0.000228572   0.000137457   0.000102711   
-0.0384039   0.00360344   0.00170404   0.00109777   0.000585573   0.000328468   0.000158895   0.000119358   0.00260782   1   0.0011046   0.000719372   0.000347789   0.000238439   0.000177383   0.000109956   0.00335994   0.00195688   0.00102596   0.000746739   0.000246914   0.000159725   0.000134206   0.00220829   0.00230438   0.00117243   0.000802072   0.000418962   0.00024572   0.000195159   0.000138621   0.00341891   0.00181044   0.00110717   0.000511737   0.000305189   0.000183532   0.00013714   
-0.0679051   0.00637153   0.00301306   0.00194106   0.0010354   0.000580791   0.000280956   0.000211046   1   0.00260782   0.00195304   0.00127189   0.000614859   0.000421436   0.000313646   0.000194422   0.00594098   0.00346011   0.00181408   0.00132037   0.000436588   0.000282423   0.000237301   0.00390465   0.00407457   0.00207306   0.00141821   0.0007408   0.000434478   0.000345077   0.000245108   0.00604526   0.00320119   0.00195768   0.000904844   0.000539629   0.000324519   0.000242488   
-0.00310796   0.000291714   0.000137905   8.89351e-05   4.73894e-05   2.66769e-05   1.28591e-05   1   0.000211046   0.000119358   8.94878e-05   5.82175e-05   2.81459e-05   1.93834e-05   1.43553e-05   8.89855e-06   0.000272008   0.000158366   8.3029e-05   6.04322e-05   1.99823e-05   1.29263e-05   1.09556e-05   0.000178807   0.00018649   9.49769e-05   6.49103e-05   3.39058e-05   1.98857e-05   1.58884e-05   1.1313e-05   0.000276687   0.00014661   8.96957e-05   4.1414e-05   2.46984e-05   1.4853e-05   1.10985e-05   
-0.00413748   0.000388313   0.000183587   0.000118364   6.30872e-05   3.53878e-05   1   1.28591e-05   0.000280956   0.000158895   0.000119005   7.75021e-05   3.74693e-05   2.56782e-05   1.91105e-05   1.18462e-05   0.000361986   0.000210825   0.000110532   8.04505e-05   2.66014e-05   1.72081e-05   1.44588e-05   0.000237911   0.000248265   0.000126312   8.64118e-05   4.51372e-05   2.64729e-05   2.10256e-05   1.49345e-05   0.000368339   0.000195049   0.000119282   5.51324e-05   3.28798e-05   1.9773e-05   1.47749e-05   
-0.00855298   0.00080262   0.00037951   0.00024458   0.000130414   1   3.53878e-05   2.66769e-05   0.000580791   0.000328468   0.000246101   0.000160212   7.74565e-05   5.31766e-05   3.95053e-05   2.44884e-05   0.00074839   0.000435818   0.000228492   0.000166307   5.49904e-05   3.55726e-05   2.99838e-05   0.000491904   0.000513212   0.000261207   0.00017863   9.33074e-05   5.47247e-05   4.35587e-05   3.09671e-05   0.00076143   0.0004033   0.000246673   0.00011397   6.7969e-05   4.08747e-05   3.05426e-05   
-0.0152477   0.00143069   0.000676567   0.000435949   1   0.000130414   6.30872e-05   4.73894e-05   0.0010354   0.000585573   0.000438566   0.000285617   0.000138085   9.46314e-05   7.04276e-05   4.36566e-05   0.00133402   0.00077695   0.000407343   0.000296482   9.80337e-05   6.34167e-05   5.32847e-05   0.000876769   0.000914924   0.000465496   0.000318452   0.000166343   9.75599e-05   7.74852e-05   5.50377e-05   0.00135743   0.000718811   0.000439586   0.000203178   0.000121171   7.2869e-05   5.44495e-05   
-0.0285848   0.0026823   0.00126845   1   0.000435949   0.00024458   0.000118364   8.89351e-05   0.00194106   0.00109777   0.000822271   0.000535443   0.000258866   0.000177499   0.00013203   8.18426e-05   0.00250097   0.00145654   0.000763642   0.000555813   0.000183783   0.000118887   9.99869e-05   0.00164377   0.0017152   0.000872756   0.000596999   0.000311842   0.000182895   0.000145355   0.000103273   0.00254477   0.00134764   0.000824183   0.000380897   0.000227158   0.000136607   0.000102076   
-0.0443716   0.00416339   1   0.00126845   0.000676567   0.00037951   0.000183587   0.000137905   0.00301306   0.00170404   0.00127625   0.000831158   0.000401833   0.000275382   0.000204948   0.000127043   0.00388205   0.00226096   0.00118539   0.000862777   0.000285282   0.000184545   0.000155061   0.00255144   0.00266247   0.00135461   0.000926709   0.000484065   0.000283904   0.000225485   0.000160162   0.00395019   0.00209177   0.00127922   0.000591258   0.000352613   0.000212052   0.00015845   
-0.0938299   1   0.00416339   0.0026823   0.00143069   0.00080262   0.000388313   0.000291714   0.00637153   0.00360344   0.00269889   0.0017576   0.000849731   0.000582427   0.00043339   0.000268649   0.00820923   0.00478111   0.00250666   0.00182446   0.000603269   0.000390247   0.000327992   0.00539546   0.00563016   0.00286461   0.00195965   0.00102362   0.000600354   0.000476914   0.000338779   0.00835322   0.00442343   0.00270517   0.0012503   0.000745649   0.000448414   0.000335065   
1   -0.0938299   -0.0443716   -0.0285848   -0.0152477   -0.00855298   -0.00413748   -0.00310796   -0.0679051   -0.0384039   -0.0287627   -0.0187317   -0.00905608   -0.00620626   -0.00461889   -0.00286315   -0.0874895   -0.0509551   -0.0267149   -0.0194443   -0.00642939   -0.00415909   -0.00349459   -0.0575016   -0.0600039   -0.0305288   -0.0208852   -0.0109093   -0.00639832   -0.00508175   -0.00360956   -0.0890251   -0.0471421   -0.0288296   -0.0133251   -0.00794682   -0.004779   -0.00357098   


NLL
1864.38880

