NUISANCE_PARAMETERS
gamma_stat_SR__PNN_RUN2_bin_0  1 +0.060672 -0.060672
gamma_stat_SR__PNN_RUN2_bin_1  1 +0.056913 -0.056913
gamma_stat_SR__PNN_RUN2_bin_2  1 +0.0838417 -0.0838417
gamma_stat_SR__PNN_RUN2_bin_3  1 +0.0452678 -0.0452678
gamma_stat_SR__PNN_RUN2_bin_4  1 +0.0539809 -0.0539809
gamma_stat_SR__PNN_RUN2_bin_5  1 +0.062831 -0.062831
gamma_stat_SR__PNN_RUN2_bin_6  1 +0.136703 -0.136703
gamma_stat_SR__PNN_RUN2_bin_7  1 +0.180822 -0.180822
mu_XS_hh  1 +13.0166 -10.1345


CORRELATION_MATRIX
9   9
-0.00854872   0.0027194   0.00198918   0.000794789   0.00053931   0.000297474   0.000310304   0.000125306   1   
-0.0146578   0.00466275   0.00341056   0.00136276   0.000924713   0.000510055   0.000532054   1   0.000125306   
-0.0362983   0.0115467   0.00844556   0.00337471   0.00228994   0.00126309   1   0.000532054   0.000310304   
-0.0347974   0.0110693   0.00809636   0.00323517   0.00219525   1   0.00126309   0.000510055   0.000297474   
-0.0630866   0.0200683   0.0146783   0.00586527   1   0.00219525   0.00228994   0.000924713   0.00053931   
-0.0929717   0.0295749   0.0216315   1   0.00586527   0.00323517   0.00337471   0.00136276   0.000794789   
-0.232666   0.0740128   1   0.0216315   0.0146783   0.00809636   0.00844556   0.00341056   0.00198918   
-0.318106   1   0.0740128   0.0295749   0.0200683   0.0110693   0.0115467   0.00466275   0.0027194   
1   -0.318106   -0.232666   -0.0929717   -0.0630866   -0.0347974   -0.0362983   -0.0146578   -0.00854872   


NLL
47.31625

