NUISANCE_PARAMETERS
gamma_stat_SR__XGB_RUN2_bin_0  1 +0.162175 -0.162175
gamma_stat_SR__XGB_RUN2_bin_1  1 +0.115884 -0.115884
gamma_stat_SR__XGB_RUN2_bin_2  1 +0.101235 -0.101235
gamma_stat_SR__XGB_RUN2_bin_3  1 +0.093453 -0.093453
gamma_stat_SR__XGB_RUN2_bin_4  1 +0.175279 -0.175279
gamma_stat_SR__XGB_RUN2_bin_5  1 +0.172504 -0.172504
gamma_stat_SR__XGB_RUN3_bin_0  1 +0.0790616 -0.0790616
gamma_stat_SR__XGB_RUN3_bin_1  1 +0.0826656 -0.0826656
gamma_stat_SR__XGB_RUN3_bin_2  1 +0.10049 -0.10049
gamma_stat_SR__XGB_RUN3_bin_3  1 +0.0919663 -0.0919663
gamma_stat_SR__XGB_RUN3_bin_4  1 +0.110715 -0.110715
gamma_stat_SR__XGB_RUN3_bin_5  1 +0.122607 -0.122607
gamma_stat_SR__XGB_RUN3_bin_6  1 +0.170109 -0.170109
mu_XS_hh  1 +8.04364 -6.17831


CORRELATION_MATRIX
14   14
-0.00513534   0.000976029   0.000471349   0.000331444   0.000173571   0.00010916   4.98418e-05   4.16509e-05   0.00108437   0.000535799   0.000184782   0.000205449   5.3614e-05   1   
-0.0104402   0.00198428   0.000958259   0.000673829   0.000352871   0.00022273   0.000101329   8.46768e-05   0.0022056   0.00108983   0.000376746   0.00041768   1   5.3614e-05   
-0.0400069   0.00760376   0.00367205   0.00258211   0.0013522   0.000852747   0.000388292   0.000324481   0.00845187   0.00417827   0.00144369   1   0.00041768   0.000205449   
-0.036086   0.00685856   0.00331217   0.00232906   0.00121968   0.000768669   0.000350238   0.000292681   0.00762303   0.00376825   1   0.00144369   0.000376746   0.000184782   
-0.104439   0.0198498   0.00958596   0.00674066   0.00352995   0.00222569   0.00101365   0.000847065   0.0220633   1   0.00376825   0.00417827   0.00108983   0.000535799   
-0.21126   0.0401524   0.0193906   0.0136351   0.00714044   0.00450136   0.00205042   0.00171346   1   0.0220633   0.00762303   0.00845187   0.0022056   0.00108437   
-0.00811064   0.00154152   0.000744439   0.000523475   0.000274134   0.000173091   7.8719e-05   1   0.00171346   0.000847065   0.000292681   0.000324481   8.46768e-05   4.16509e-05   
-0.00970565   0.00184467   0.000890837   0.000626419   0.000328044   0.000206545   1   7.8719e-05   0.00205042   0.00101365   0.000350238   0.000388292   0.000101329   4.98418e-05   
-0.0213084   0.00404964   0.00195553   0.00137501   0.000719941   1   0.000206545   0.000173091   0.00450136   0.00222569   0.000768669   0.000852747   0.00022273   0.00010916   
-0.0337992   0.00642393   0.00310228   0.00218146   1   0.000719941   0.000328044   0.000274134   0.00714044   0.00352995   0.00121968   0.0013522   0.000352871   0.000173571   
-0.0645417   0.012269   0.00592611   1   0.00218146   0.00137501   0.000626419   0.000523475   0.0136351   0.00674066   0.00232906   0.00258211   0.000673829   0.000331444   
-0.0917854   0.0174449   1   0.00592611   0.00310228   0.00195553   0.000890837   0.000744439   0.0193906   0.00958596   0.00331217   0.00367205   0.000958259   0.000471349   
-0.190061   1   0.0174449   0.012269   0.00642393   0.00404964   0.00184467   0.00154152   0.0401524   0.0198498   0.00685856   0.00760376   0.00198428   0.000976029   
1   -0.190061   -0.0917854   -0.0645417   -0.0337992   -0.0213084   -0.00970565   -0.00811064   -0.21126   -0.104439   -0.036086   -0.0400069   -0.0104402   -0.00513534   


NLL
424.71290

